#DataThief /Users/villaa/lindhard2_curves.png Tuesday 6-Aug-2019 3:32:28 PM
0.0326, 1.6924e-4
0.0326, 1.8465e-4
0.0362, 2.0003e-4
0.0398, 2.1541e-4
0.0434, 2.3079e-4
0.047, 2.3076e-4
0.0506, 2.4614e-4
0.0543, 2.6152e-4
0.0579, 2.769e-4
0.0579, 2.9231e-4
0.0615, 2.9228e-4
0.0615, 3.0769e-4
0.0651, 3.2307e-4
0.0687, 3.3845e-4
0.0724, 3.5383e-4
0.076, 3.6921e-4
0.0796, 3.8459e-4
0.0832, 3.9998e-4
0.0832, 4.1538e-4
0.0868, 4.1536e-4
0.0904, 4.1533e-4
0.094, 4.153e-4
0.0976, 4.3068e-4
0.1013, 4.4606e-4
0.1013, 4.6147e-4
0.1049, 4.6144e-4
0.1049, 4.7685e-4
0.1085, 4.9223e-4
0.1121, 5.0761e-4
0.1157, 5.2299e-4
0.1193, 5.3837e-4
0.123, 5.3834e-4
0.1266, 5.3832e-4
0.1302, 5.537e-4
0.1338, 5.6908e-4
0.1338, 5.8449e-4
0.1374, 5.8446e-4
0.1374, 5.9987e-4
0.141, 6.1525e-4
0.1447, 6.3063e-4
0.1482, 6.4601e-4
0.1519, 6.4598e-4
0.1555, 6.4595e-4
0.1591, 6.6133e-4
0.1627, 6.7671e-4
0.1627, 6.9212e-4
0.1663, 6.9209e-4
0.1663, 7.075e-4
0.17, 7.2288e-4
0.1736, 7.3826e-4
0.1772, 7.5364e-4
0.1808, 7.5361e-4
0.1844, 7.5359e-4
0.188, 7.6897e-4
0.188, 7.8438e-4
0.1916, 7.8435e-4
0.1916, 7.9976e-4
0.1953, 8.1514e-4
0.1989, 8.3052e-4
0.2025, 8.459e-4
0.2061, 8.4587e-4
0.2061, 8.6128e-4
0.2097, 8.6125e-4
0.2133, 8.7663e-4
0.2169, 8.766e-4
0.2169, 8.9201e-4
0.2205, 8.9198e-4
0.2242, 9.0736e-4
0.2278, 9.0734e-4
0.2278, 9.2274e-4
0.2314, 9.2272e-4
0.2349, 9.2269e-4
0.2386, 9.3807e-4
0.2422, 9.5345e-4
0.2458, 9.5342e-4
0.2494, 9.688e-4
0.253, 9.6877e-4
0.2567, 9.8416e-4
0.2603, 9.9954e-4
0.2639, 9.9951e-4
0.2675, 1.0149e-3
0.2711, 1.0303e-3
0.2747, 1.0302e-3
0.2783, 1.0456e-3
0.2819, 1.0456e-3
0.2856, 1.061e-3
0.2892, 1.0764e-3
0.2928, 1.0763e-3
0.2964, 1.0917e-3
0.3, 1.0917e-3
0.3035, 1.1071e-3
0.3072, 1.1224e-3
0.3108, 1.1224e-3
0.3144, 1.1378e-3
0.3181, 1.1378e-3
0.3216, 1.1531e-3
0.3253, 1.1531e-3
0.3289, 1.1685e-3
0.3325, 1.1839e-3
0.3361, 1.1839e-3
0.3397, 1.1992e-3
0.3433, 1.1992e-3
0.3469, 1.2146e-3
0.3506, 1.2146e-3
0.3542, 1.2299e-3
0.3578, 1.2453e-3
0.3614, 1.2453e-3
0.365, 1.2607e-3
0.3686, 1.2606e-3
0.3721, 1.276e-3
0.3758, 1.276e-3
0.3794, 1.2914e-3
0.3831, 1.2913e-3
0.3867, 1.3067e-3
0.3902, 1.3067e-3
0.3939, 1.3067e-3
0.3939, 1.3221e-3
0.3975, 1.3375e-3
0.4011, 1.3374e-3
0.4047, 1.3528e-3
0.4083, 1.3528e-3
0.4119, 1.3682e-3
0.4156, 1.3681e-3
0.4192, 1.3835e-3
0.4228, 1.3835e-3
0.4264, 1.3989e-3
0.43, 1.3988e-3
0.4336, 1.4142e-3
0.4372, 1.4142e-3
0.4408, 1.4296e-3
0.4444, 1.4295e-3
0.448, 1.4295e-3
0.4517, 1.4449e-3
0.4553, 1.4449e-3
0.4588, 1.4603e-3
0.4625, 1.4602e-3
0.4661, 1.4756e-3
0.4697, 1.491e-3
0.4733, 1.5064e-3
0.4769, 1.5063e-3
0.4805, 1.5217e-3
0.4842, 1.5217e-3
0.4878, 1.5371e-3
0.4914, 1.537e-3
0.495, 1.5524e-3
0.4986, 1.5524e-3
0.5022, 1.5678e-3
0.5058, 1.5678e-3
0.5093, 1.5831e-3
0.513, 1.5831e-3
0.5167, 1.5985e-3
0.5203, 1.5985e-3
0.5239, 1.6138e-3
0.5274, 1.6138e-3
0.5311, 1.6292e-3
0.5347, 1.6292e-3
0.5383, 1.6445e-3
0.5419, 1.6445e-3
0.5455, 1.6599e-3
0.5491, 1.6599e-3
0.5528, 1.6752e-3
0.5564, 1.6752e-3
0.56, 1.6906e-3
0.5636, 1.6906e-3
0.5672, 1.706e-3
0.5708, 1.7059e-3
0.5744, 1.7213e-3
0.5779, 1.7213e-3
0.5816, 1.7367e-3
0.5852, 1.7366e-3
0.5889, 1.752e-3
0.5925, 1.752e-3
0.596, 1.7674e-3
0.5997, 1.7673e-3
0.6033, 1.7827e-3
0.6069, 1.7827e-3
0.6105, 1.7981e-3
0.6141, 1.798e-3
0.6177, 1.8134e-3
0.6214, 1.8134e-3
0.625, 1.8288e-3
0.6286, 1.8287e-3
0.6322, 1.8441e-3
0.6358, 1.8441e-3
0.6394, 1.8595e-3
0.643, 1.8595e-3
0.6465, 1.8594e-3
0.6502, 1.8748e-3
0.6538, 1.8748e-3
0.6575, 1.8902e-3
0.6611, 1.8901e-3
0.6646, 1.9055e-3
0.6683, 1.9055e-3
0.6719, 1.9209e-3
0.6755, 1.9208e-3
0.6791, 1.9362e-3
0.6827, 1.9362e-3
0.6863, 1.9516e-3
0.6899, 1.9515e-3
0.6936, 1.9669e-3
0.6972, 1.9669e-3
0.7008, 1.9823e-3
0.7044, 1.9822e-3
0.708, 1.9822e-3
0.7116, 1.9976e-3
0.7151, 1.9976e-3
0.7187, 2.013e-3
0.7224, 2.0129e-3
0.726, 2.0283e-3
0.7297, 2.0283e-3
0.7332, 2.0437e-3
0.7368, 2.0436e-3
0.7405, 2.059e-3
0.7441, 2.059e-3
0.7477, 2.0744e-3
0.7513, 2.0743e-3
0.7549, 2.0743e-3
0.7585, 2.0897e-3
0.7621, 2.0897e-3
0.7658, 2.105e-3
0.7694, 2.105e-3
0.773, 2.1204e-3
0.7766, 2.1204e-3
0.7802, 2.1203e-3
0.7838, 2.1357e-3
0.7873, 2.1357e-3
0.791, 2.1511e-3
0.7946, 2.151e-3
0.7982, 2.151e-3
0.8018, 2.1664e-3
0.8054, 2.1664e-3
0.8091, 2.1663e-3
0.8127, 2.1817e-3
0.8163, 2.1817e-3
0.8199, 2.1817e-3
0.8235, 2.197e-3
0.8271, 2.197e-3
0.8307, 2.2124e-3
0.8343, 2.2124e-3
0.8378, 2.2123e-3
0.8415, 2.2277e-3
0.8452, 2.2277e-3
0.8488, 2.2277e-3
0.8524, 2.243e-3
0.8559, 2.243e-3
0.8596, 2.243e-3
0.8632, 2.2584e-3
0.8668, 2.2583e-3
0.8704, 2.2737e-3
0.874, 2.2737e-3
0.8776, 2.2737e-3
0.8812, 2.2891e-3
0.8849, 2.289e-3
0.8885, 2.289e-3
0.8921, 2.3044e-3
0.8957, 2.3043e-3
0.8993, 2.3043e-3
0.9029, 2.3197e-3
0.9064, 2.3197e-3
0.9101, 2.3196e-3
0.9137, 2.335e-3
0.9173, 2.335e-3
0.9209, 2.335e-3
0.9245, 2.3504e-3
0.9282, 2.3503e-3
0.9318, 2.3503e-3
0.9354, 2.3657e-3
0.939, 2.3656e-3
0.9426, 2.3656e-3
0.9462, 2.381e-3
0.9498, 2.381e-3
0.9534, 2.3809e-3
0.9569, 2.3963e-3
0.9606, 2.3963e-3
0.9642, 2.3963e-3
0.9679, 2.4116e-3
0.9715, 2.4116e-3
0.975, 2.4116e-3
0.9787, 2.427e-3
0.9823, 2.4269e-3
0.9859, 2.4269e-3
0.9895, 2.4423e-3
0.9931, 2.4423e-3
0.9967, 2.4422e-3
1.0003, 2.4576e-3
1.0039, 2.4576e-3
1.0075, 2.4576e-3
1.0112, 2.4729e-3
1.0148, 2.4729e-3
1.0184, 2.4729e-3
1.022, 2.4883e-3
1.0256, 2.4882e-3
1.0292, 2.4882e-3
1.0328, 2.5036e-3
1.0364, 2.5036e-3
1.04, 2.5035e-3
1.0436, 2.5189e-3
1.0472, 2.5189e-3
1.0508, 2.5189e-3
1.0544, 2.5188e-3
1.0581, 2.5342e-3
1.0617, 2.5342e-3
1.0653, 2.5342e-3
1.0689, 2.5495e-3
1.0725, 2.5495e-3
1.0761, 2.5495e-3
1.0796, 2.5649e-3
1.0833, 2.5648e-3
1.0869, 2.5648e-3
1.0905, 2.5802e-3
1.0941, 2.5802e-3
1.0977, 2.5801e-3
1.1014, 2.5955e-3
1.105, 2.5955e-3
1.1086, 2.5955e-3
1.1122, 2.5954e-3
1.1158, 2.6108e-3
1.1194, 2.6108e-3
1.123, 2.6108e-3
1.1266, 2.6261e-3
1.1302, 2.6261e-3
1.1338, 2.6261e-3
1.1374, 2.6261e-3
1.1411, 2.6414e-3
1.1447, 2.6414e-3
1.1482, 2.6414e-3
1.1519, 2.6568e-3
1.1555, 2.6567e-3
1.1591, 2.6567e-3
1.1627, 2.6721e-3
1.1663, 2.6721e-3
1.1699, 2.672e-3
1.1735, 2.672e-3
1.1771, 2.6874e-3
1.1807, 2.6874e-3
1.1843, 2.6873e-3
1.188, 2.7027e-3
1.1916, 2.7027e-3
1.1952, 2.7027e-3
1.1988, 2.7026e-3
1.2024, 2.718e-3
1.206, 2.718e-3
1.2096, 2.718e-3
1.2132, 2.7179e-3
1.2168, 2.7333e-3
1.2204, 2.7333e-3
1.224, 2.7333e-3
1.2276, 2.7486e-3
1.2313, 2.7486e-3
1.2349, 2.7486e-3
1.2385, 2.7485e-3
1.2421, 2.7639e-3
1.2457, 2.7639e-3
1.2493, 2.7639e-3
1.2529, 2.7638e-3
1.2565, 2.7792e-3
1.2601, 2.7792e-3
1.2637, 2.7792e-3
1.2673, 2.7791e-3
1.2709, 2.7945e-3
1.2745, 2.7945e-3
1.2782, 2.7945e-3
1.2818, 2.8098e-3
1.2854, 2.8098e-3
1.289, 2.8098e-3
1.2926, 2.8098e-3
1.2962, 2.8251e-3
1.2998, 2.8251e-3
1.3034, 2.8251e-3
1.307, 2.8251e-3
1.3106, 2.8404e-3
1.3142, 2.8404e-3
1.3178, 2.8404e-3
1.3214, 2.8404e-3
1.3251, 2.8557e-3
1.3287, 2.8557e-3
1.3323, 2.8557e-3
1.3359, 2.8711e-3
1.3395, 2.871e-3
1.3431, 2.871e-3
1.3467, 2.871e-3
1.3503, 2.8864e-3
1.3538, 2.8863e-3
1.3575, 2.8863e-3
1.3611, 2.8863e-3
1.3647, 2.8863e-3
1.3684, 2.9016e-3
1.3719, 2.9016e-3
1.3756, 2.9016e-3
1.3792, 2.9015e-3
1.3828, 2.9169e-3
1.3864, 2.9169e-3
1.39, 2.9169e-3
1.3936, 2.9168e-3
1.3972, 2.9322e-3
1.4008, 2.9322e-3
1.4043, 2.9322e-3
1.408, 2.9321e-3
1.4116, 2.9475e-3
1.4152, 2.9475e-3
1.4189, 2.9475e-3
1.4224, 2.9474e-3
1.4261, 2.9628e-3
1.4297, 2.9628e-3
1.4333, 2.9628e-3
1.4369, 2.9627e-3
1.4405, 2.9781e-3
1.4441, 2.9781e-3
1.4477, 2.9781e-3
1.4513, 2.978e-3
1.4549, 2.9934e-3
1.4585, 2.9934e-3
1.4621, 2.9934e-3
1.4657, 2.9933e-3
1.4694, 2.9933e-3
1.4729, 3.0087e-3
1.4766, 3.0087e-3
1.4802, 3.0086e-3
1.4838, 3.0086e-3
1.4874, 3.024e-3
1.491, 3.024e-3
1.4946, 3.0239e-3
1.4982, 3.0239e-3
1.5018, 3.0393e-3
1.5053, 3.0392e-3
1.509, 3.0392e-3
1.5126, 3.0392e-3
1.5163, 3.0392e-3
1.5199, 3.0545e-3
1.5234, 3.0545e-3
1.5271, 3.0545e-3
1.5307, 3.0545e-3
1.5343, 3.0544e-3
1.5379, 3.0698e-3
1.5415, 3.0698e-3
1.5451, 3.0698e-3
1.5487, 3.0697e-3
1.5523, 3.0851e-3
1.5558, 3.0851e-3
1.5594, 3.0851e-3
1.5631, 3.085e-3
1.5668, 3.085e-3
1.5704, 3.1004e-3
1.5739, 3.1004e-3
1.5776, 3.1003e-3
1.5812, 3.1003e-3
1.5848, 3.1003e-3
1.5884, 3.1157e-3
1.592, 3.1156e-3
1.5956, 3.1156e-3
1.5992, 3.1156e-3
1.6028, 3.1155e-3
1.6064, 3.1309e-3
1.6099, 3.1309e-3
1.6136, 3.1309e-3
1.6173, 3.1308e-3
1.6209, 3.1308e-3
1.6245, 3.1462e-3
1.628, 3.1462e-3
1.6317, 3.1461e-3
1.6353, 3.1461e-3
1.6389, 3.1461e-3
1.6425, 3.1615e-3
1.6461, 3.1614e-3
1.6497, 3.1614e-3
1.6533, 3.1614e-3
1.6569, 3.1613e-3
1.6604, 3.1767e-3
1.6642, 3.1767e-3
1.6678, 3.1767e-3
1.6714, 3.1766e-3
1.675, 3.1766e-3
1.6785, 3.192e-3
1.6822, 3.192e-3
1.6858, 3.1919e-3
1.6894, 3.1919e-3
1.693, 3.1919e-3
1.6966, 3.1919e-3
1.7002, 3.2072e-3
1.7038, 3.2072e-3
1.7074, 3.2072e-3
1.7109, 3.2072e-3
1.7146, 3.2071e-3
1.7182, 3.2071e-3
1.7219, 3.2225e-3
1.7255, 3.2225e-3
1.729, 3.2224e-3
1.7327, 3.2224e-3
1.7363, 3.2224e-3
1.7399, 3.2223e-3
1.7435, 3.2377e-3
1.7471, 3.2377e-3
1.7507, 3.2377e-3
1.7543, 3.2376e-3
1.7579, 3.2376e-3
1.7614, 3.2376e-3
1.7651, 3.253e-3
1.7687, 3.2529e-3
1.7724, 3.2529e-3
1.776, 3.2529e-3
1.7795, 3.2529e-3
1.7832, 3.2528e-3
1.7868, 3.2528e-3
1.7904, 3.2682e-3
1.794, 3.2682e-3
1.7976, 3.2681e-3
1.8012, 3.2681e-3
1.8048, 3.2681e-3
1.8084, 3.268e-3
1.812, 3.2834e-3
1.8155, 3.2834e-3
1.8192, 3.2834e-3
1.8228, 3.2833e-3
1.8264, 3.2833e-3
1.83, 3.2833e-3
1.8336, 3.2833e-3
1.8373, 3.2986e-3
1.8409, 3.2986e-3
1.8445, 3.2986e-3
1.8481, 3.2986e-3
1.8517, 3.2985e-3
1.8553, 3.2985e-3
1.8589, 3.3139e-3
1.8625, 3.3138e-3
1.866, 3.3138e-3
1.8697, 3.3138e-3
1.8733, 3.3138e-3
1.8769, 3.3137e-3
1.8805, 3.3137e-3
1.8841, 3.3291e-3
1.8878, 3.3291e-3
1.8914, 3.329e-3
1.895, 3.329e-3
1.8986, 3.329e-3
1.9022, 3.329e-3
1.9058, 3.3289e-3
1.9094, 3.3443e-3
1.913, 3.3443e-3
1.9165, 3.3442e-3
1.9202, 3.3442e-3
1.9238, 3.3442e-3
1.9274, 3.3442e-3
1.931, 3.3441e-3
1.9346, 3.3595e-3
1.9383, 3.3595e-3
1.9419, 3.3595e-3
1.9455, 3.3594e-3
1.9491, 3.3594e-3
1.9527, 3.3594e-3
1.9563, 3.3594e-3
1.9599, 3.3747e-3
1.9635, 3.3747e-3
1.967, 3.3747e-3
1.9707, 3.3746e-3
1.9743, 3.3746e-3
1.9779, 3.3746e-3
1.9815, 3.3746e-3
1.9851, 3.3899e-3
1.9887, 3.3899e-3
1.9924, 3.3899e-3
1.996, 3.3899e-3
1.9996, 3.3898e-3
2.0032, 3.3898e-3
2.0068, 3.3898e-3
2.0104, 3.3898e-3
2.014, 3.4051e-3
2.0176, 3.4051e-3
2.0212, 3.4051e-3
2.0248, 3.405e-3
2.0284, 3.405e-3
2.032, 3.405e-3
2.0356, 3.405e-3
2.0392, 3.4203e-3
2.0428, 3.4203e-3
2.0464, 3.4203e-3
2.0501, 3.4203e-3
2.0537, 3.4202e-3
2.0573, 3.4202e-3
2.0609, 3.4202e-3
2.0645, 3.4356e-3
2.0681, 3.4355e-3
2.0717, 3.4355e-3
2.0753, 3.4355e-3
2.0789, 3.4354e-3
2.0825, 3.4354e-3
2.0861, 3.4354e-3
2.0897, 3.4354e-3
2.0933, 3.4507e-3
2.0969, 3.4507e-3
2.1005, 3.4507e-3
2.1041, 3.4507e-3
2.1078, 3.4506e-3
2.1114, 3.4506e-3
2.115, 3.4506e-3
2.1186, 3.4506e-3
2.1222, 3.4659e-3
2.1258, 3.4659e-3
2.1294, 3.4659e-3
2.133, 3.4658e-3
2.1366, 3.4658e-3
2.1402, 3.4658e-3
2.1438, 3.4658e-3
2.1474, 3.4657e-3
2.151, 3.4811e-3
2.1546, 3.4811e-3
2.1582, 3.4811e-3
2.1618, 3.481e-3
2.1655, 3.481e-3
2.1691, 3.481e-3
2.1727, 3.481e-3
2.1763, 3.4809e-3
2.1799, 3.4809e-3
2.1835, 3.4963e-3
2.1871, 3.4962e-3
2.1907, 3.4962e-3
2.1943, 3.4962e-3
2.1979, 3.4962e-3
2.2015, 3.4961e-3
2.2051, 3.4961e-3
2.2086, 3.4961e-3
2.2123, 3.5115e-3
2.2159, 3.5114e-3
2.2195, 3.5114e-3
2.2232, 3.5114e-3
2.2268, 3.5114e-3
2.2304, 3.5113e-3
2.234, 3.5113e-3
2.2376, 3.5267e-3
2.2412, 3.5266e-3
2.2448, 3.5266e-3
2.2484, 3.5266e-3
2.252, 3.5266e-3
2.2556, 3.5265e-3
2.2591, 3.5265e-3
2.2628, 3.5265e-3
2.2664, 3.5419e-3
2.27, 3.5418e-3
2.2736, 3.5418e-3
2.2772, 3.5418e-3
2.2809, 3.5417e-3
2.2845, 3.5417e-3
2.2881, 3.5417e-3
2.2917, 3.5417e-3
2.2953, 3.5416e-3
2.2989, 3.5416e-3
2.3025, 3.557e-3
2.3061, 3.557e-3
2.3096, 3.5569e-3
2.3133, 3.5569e-3
2.3169, 3.5569e-3
2.3205, 3.5569e-3
2.3241, 3.5568e-3
2.3277, 3.5568e-3
2.3313, 3.5722e-3
2.3349, 3.5721e-3
2.3386, 3.5721e-3
2.3422, 3.5721e-3
2.3458, 3.5721e-3
2.3494, 3.572e-3
2.353, 3.572e-3
2.3566, 3.572e-3
2.3602, 3.572e-3
2.3638, 3.5873e-3
2.3674, 3.5873e-3
2.371, 3.5873e-3
2.3746, 3.5873e-3
2.3782, 3.5872e-3
2.3818, 3.5872e-3
2.3854, 3.5872e-3
2.389, 3.6025e-3
2.3926, 3.6025e-3
2.3963, 3.6025e-3
2.3999, 3.6025e-3
2.4035, 3.6024e-3
2.4071, 3.6024e-3
2.4107, 3.6024e-3
2.4143, 3.6024e-3
2.4179, 3.6023e-3
2.4215, 3.6177e-3
2.4251, 3.6177e-3
2.4287, 3.6177e-3
2.4323, 3.6176e-3
2.4359, 3.6176e-3
2.4395, 3.6176e-3
2.4431, 3.6175e-3
2.4466, 3.6175e-3
2.4503, 3.6175e-3
2.454, 3.6329e-3
2.4576, 3.6328e-3
2.4612, 3.6328e-3
2.4647, 3.6328e-3
2.4684, 3.6328e-3
2.472, 3.6327e-3
2.4756, 3.6327e-3
2.4792, 3.6327e-3
2.4828, 3.6326e-3
2.4864, 3.648e-3
2.49, 3.648e-3
2.4936, 3.648e-3
2.4971, 3.6479e-3
2.5008, 3.6479e-3
2.5044, 3.6479e-3
2.508, 3.6479e-3
2.5116, 3.6478e-3
2.5152, 3.6478e-3
2.5189, 3.6478e-3
2.5225, 3.6632e-3
2.5261, 3.6631e-3
2.5297, 3.6631e-3
2.5333, 3.6631e-3
2.5369, 3.663e-3
2.5405, 3.663e-3
2.5441, 3.663e-3
2.5476, 3.663e-3
2.5513, 3.6629e-3
2.5549, 3.6783e-3
2.5585, 3.6783e-3
2.5621, 3.6783e-3
2.5657, 3.6782e-3
2.5693, 3.6782e-3
2.5729, 3.6782e-3
2.5766, 3.6781e-3
2.5802, 3.6781e-3
2.5838, 3.6781e-3
2.5874, 3.6935e-3
2.591, 3.6934e-3
2.5946, 3.6934e-3
2.5981, 3.6934e-3
2.6018, 3.6934e-3
2.6054, 3.6933e-3
2.609, 3.6933e-3
2.6126, 3.6933e-3
2.6162, 3.6932e-3
2.6198, 3.6932e-3
2.6234, 3.7086e-3
2.627, 3.7086e-3
2.6306, 3.7085e-3
2.6343, 3.7085e-3
2.6379, 3.7085e-3
2.6415, 3.7085e-3
2.6451, 3.7084e-3
2.6487, 3.7084e-3
2.6522, 3.7084e-3
2.6559, 3.7084e-3
2.6595, 3.7237e-3
2.6631, 3.7237e-3
2.6667, 3.7237e-3
2.6703, 3.7236e-3
2.6739, 3.7236e-3
2.6775, 3.7236e-3
2.6811, 3.7236e-3
2.6846, 3.7235e-3
2.6883, 3.7235e-3
2.6919, 3.7235e-3
2.6956, 3.7389e-3
2.6992, 3.7388e-3
2.7027, 3.7388e-3
2.7064, 3.7388e-3
2.71, 3.7388e-3
2.7136, 3.7387e-3
2.7172, 3.7387e-3
2.7208, 3.7387e-3
2.7244, 3.7386e-3
2.728, 3.7386e-3
2.7316, 3.754e-3
2.7351, 3.754e-3
2.7388, 3.7539e-3
2.7424, 3.7539e-3
2.746, 3.7539e-3
2.7496, 3.7539e-3
2.7532, 3.7538e-3
2.7569, 3.7538e-3
2.7605, 3.7538e-3
2.7641, 3.7537e-3
2.7677, 3.7537e-3
2.7713, 3.7691e-3
2.7749, 3.7691e-3
2.7785, 3.769e-3
2.7821, 3.769e-3
2.7856, 3.769e-3
2.7893, 3.769e-3
2.7929, 3.7689e-3
2.7965, 3.7689e-3
2.8001, 3.7689e-3
2.8037, 3.7688e-3
2.8073, 3.7688e-3
2.8109, 3.7842e-3
2.8146, 3.7842e-3
2.8182, 3.7841e-3
2.8218, 3.7841e-3
2.8254, 3.7841e-3
2.829, 3.7841e-3
2.8326, 3.784e-3
2.8362, 3.784e-3
2.8397, 3.784e-3
2.8434, 3.7839e-3
2.847, 3.7839e-3
2.8506, 3.7993e-3
2.8542, 3.7993e-3
2.8578, 3.7992e-3
2.8614, 3.7992e-3
2.865, 3.7992e-3
2.8686, 3.7992e-3
2.8721, 3.7991e-3
2.8758, 3.7991e-3
2.8795, 3.7991e-3
2.8831, 3.7991e-3
2.8867, 3.799e-3
2.8902, 3.799e-3
2.8939, 3.8144e-3
2.8975, 3.8143e-3
2.9011, 3.8143e-3
2.9047, 3.8143e-3
2.9083, 3.8143e-3
2.9119, 3.8142e-3
2.9155, 3.8142e-3
2.9191, 3.8142e-3
2.9226, 3.8142e-3
2.9263, 3.8141e-3
2.9299, 3.8141e-3
2.9335, 3.8141e-3
2.9372, 3.8295e-3
2.9407, 3.8294e-3
2.9444, 3.8294e-3
2.948, 3.8294e-3
2.9516, 3.8293e-3
2.9552, 3.8293e-3
2.9588, 3.8293e-3
2.9624, 3.8293e-3
2.966, 3.8292e-3
2.9696, 3.8292e-3
2.9731, 3.8292e-3
2.9768, 3.8291e-3
2.9804, 3.8291e-3
2.984, 3.8291e-3
2.9876, 3.8445e-3
2.9912, 3.8444e-3
2.9948, 3.8444e-3
2.9984, 3.8444e-3
3.0021, 3.8444e-3
3.0057, 3.8443e-3
3.0093, 3.8443e-3
3.0129, 3.8443e-3
3.0165, 3.8442e-3
3.0201, 3.8442e-3
3.0237, 3.8442e-3
3.0273, 3.8442e-3
3.0309, 3.8441e-3
3.0345, 3.8441e-3
3.0381, 3.8595e-3
3.0417, 3.8595e-3
3.0453, 3.8594e-3
3.0489, 3.8594e-3
3.0525, 3.8594e-3
3.0561, 3.8594e-3
3.0597, 3.8593e-3
3.0633, 3.8593e-3
3.0669, 3.8593e-3
3.0706, 3.8592e-3
3.0742, 3.8592e-3
3.0778, 3.8592e-3
3.0814, 3.8592e-3
3.085, 3.8591e-3
3.0886, 3.8745e-3
3.0922, 3.8745e-3
3.0958, 3.8745e-3
3.0994, 3.8744e-3
3.103, 3.8744e-3
3.1066, 3.8744e-3
3.1102, 3.8743e-3
3.1138, 3.8743e-3
3.1174, 3.8743e-3
3.121, 3.8743e-3
3.1246, 3.8742e-3
3.1282, 3.8742e-3
3.1318, 3.8742e-3
3.1355, 3.8741e-3
3.1391, 3.8741e-3
3.1427, 3.8895e-3
3.1463, 3.8895e-3
3.1499, 3.8894e-3
3.1535, 3.8894e-3
3.1571, 3.8894e-3
3.1607, 3.8894e-3
3.1643, 3.8893e-3
3.1679, 3.8893e-3
3.1715, 3.8893e-3
3.1751, 3.8893e-3
3.1787, 3.8892e-3
3.1823, 3.8892e-3
3.1859, 3.8892e-3
3.1895, 3.8891e-3
3.1931, 3.8891e-3
3.1967, 3.8891e-3
3.2004, 3.8891e-3
3.204, 3.9044e-3
3.2076, 3.9044e-3
3.2112, 3.9044e-3
3.2147, 3.9044e-3
3.2184, 3.9043e-3
3.222, 3.9043e-3
3.2256, 3.9043e-3
3.2292, 3.9042e-3
3.2328, 3.9042e-3
3.2364, 3.9042e-3
3.24, 3.9042e-3
3.2436, 3.9041e-3
3.2472, 3.9041e-3
3.2508, 3.9041e-3
3.2544, 3.904e-3
3.258, 3.904e-3
3.2616, 3.904e-3
3.2652, 3.9194e-3
3.2689, 3.9193e-3
3.2725, 3.9193e-3
3.2761, 3.9193e-3
3.2797, 3.9193e-3
3.2833, 3.9192e-3
3.2869, 3.9192e-3
3.2905, 3.9192e-3
3.2941, 3.9192e-3
3.2977, 3.9191e-3
3.3013, 3.9191e-3
3.3049, 3.9191e-3
3.3085, 3.919e-3
3.3121, 3.919e-3
3.3157, 3.919e-3
3.3193, 3.919e-3
3.3229, 3.9189e-3
3.3265, 3.9189e-3
3.3302, 3.9189e-3
3.3338, 3.9343e-3
3.3374, 3.9342e-3
3.341, 3.9342e-3
3.3446, 3.9342e-3
3.3482, 3.9341e-3
3.3518, 3.9341e-3
3.3554, 3.9341e-3
3.359, 3.9341e-3
3.3626, 3.934e-3
3.3662, 3.934e-3
3.3698, 3.934e-3
3.3734, 3.9339e-3
3.377, 3.9339e-3
3.3806, 3.9339e-3
3.3841, 3.9339e-3
3.3878, 3.9338e-3
3.3914, 3.9338e-3
3.395, 3.9338e-3
3.3987, 3.9338e-3
3.4022, 3.9337e-3
3.4059, 3.9491e-3
3.4095, 3.9491e-3
3.4131, 3.9491e-3
3.4167, 3.949e-3
3.4203, 3.949e-3
3.4239, 3.949e-3
3.4275, 3.9489e-3
3.4311, 3.9489e-3
3.4346, 3.9489e-3
3.4383, 3.9489e-3
3.4419, 3.9488e-3
3.4455, 3.9488e-3
3.4491, 3.9488e-3
3.4527, 3.9487e-3
3.4563, 3.9487e-3
3.4599, 3.9487e-3
3.4636, 3.9487e-3
3.4672, 3.9486e-3
3.4708, 3.9486e-3
3.4744, 3.9486e-3
3.478, 3.9486e-3
3.4816, 3.9485e-3
3.4852, 3.9485e-3
3.4888, 3.9485e-3
3.4924, 3.9484e-3
3.496, 3.9638e-3
3.4996, 3.9638e-3
3.5032, 3.9638e-3
3.5068, 3.9637e-3
3.5104, 3.9637e-3
3.514, 3.9637e-3
3.5175, 3.9637e-3
3.5211, 3.9636e-3
3.5248, 3.9636e-3
3.5285, 3.9636e-3
3.5321, 3.9635e-3
3.5356, 3.9635e-3
3.5393, 3.9635e-3
3.5429, 3.9635e-3
3.5465, 3.9634e-3
3.5501, 3.9634e-3
3.5537, 3.9634e-3
3.5573, 3.9633e-3
3.5609, 3.9633e-3
3.5645, 3.9633e-3
3.5681, 3.9633e-3
3.5716, 3.9632e-3
3.5753, 3.9632e-3
3.5789, 3.9632e-3
3.5825, 3.9786e-3
3.5861, 3.9785e-3
3.5897, 3.9785e-3
3.5934, 3.9785e-3
3.597, 3.9785e-3
3.6006, 3.9784e-3
3.6042, 3.9784e-3
3.6078, 3.9784e-3
3.6114, 3.9783e-3
3.615, 3.9783e-3
3.6186, 3.9783e-3
3.6221, 3.9783e-3
3.6258, 3.9782e-3
3.6294, 3.9782e-3
3.633, 3.9782e-3
3.6366, 3.9781e-3
3.6402, 3.9781e-3
3.6438, 3.9781e-3
3.6474, 3.9781e-3
3.651, 3.978e-3
3.6545, 3.978e-3
3.6583, 3.9934e-3
3.6619, 3.9934e-3
3.6655, 3.9933e-3
3.6691, 3.9933e-3
3.6726, 3.9933e-3
3.6763, 3.9932e-3
3.6799, 3.9932e-3
3.6835, 3.9932e-3
3.6871, 3.9932e-3
3.6907, 3.9931e-3
3.6943, 3.9931e-3
3.6979, 3.9931e-3
3.7015, 3.9931e-3
3.705, 3.993e-3
3.7086, 3.993e-3
3.7123, 3.993e-3
3.7159, 3.9929e-3
3.7195, 3.9929e-3
3.7231, 3.9929e-3
3.7267, 3.9929e-3
3.7303, 3.9928e-3
3.734, 3.9928e-3
3.7376, 3.9928e-3
3.7412, 3.9927e-3
3.7448, 3.9927e-3
3.7484, 3.9927e-3
3.752, 3.9927e-3
3.7556, 3.9926e-3
3.7591, 4.008e-3
3.7628, 4.008e-3
3.7664, 4.008e-3
3.77, 4.0079e-3
3.7736, 4.0079e-3
3.7772, 4.0079e-3
3.7808, 4.0079e-3
3.7844, 4.0078e-3
3.788, 4.0078e-3
3.7915, 4.0078e-3
3.7952, 4.0077e-3
3.7989, 4.0077e-3
3.8025, 4.0077e-3
3.8061, 4.0077e-3
3.8096, 4.0076e-3
3.8133, 4.0076e-3
3.8169, 4.0076e-3
3.8205, 4.0075e-3
3.8241, 4.0075e-3
3.8277, 4.0075e-3
3.8313, 4.0075e-3
3.8349, 4.0074e-3
3.8385, 4.0074e-3
3.842, 4.0074e-3
3.8457, 4.0074e-3
3.8493, 4.0073e-3
3.8529, 4.0073e-3
3.8565, 4.0073e-3
3.8601, 4.0072e-3
3.8637, 4.0072e-3
3.8673, 4.0072e-3
3.8709, 4.0072e-3
3.8746, 4.0225e-3
3.8782, 4.0225e-3
3.8818, 4.0225e-3
3.8854, 4.0225e-3
3.889, 4.0224e-3
3.8925, 4.0224e-3
3.8961, 4.0224e-3
3.8998, 4.0223e-3
3.9034, 4.0223e-3
3.907, 4.0223e-3
3.9106, 4.0223e-3
3.9142, 4.0222e-3
3.9178, 4.0222e-3
3.9214, 4.0222e-3
3.925, 4.0221e-3
3.9285, 4.0221e-3
3.9322, 4.0221e-3
3.9358, 4.0221e-3
3.9395, 4.022e-3
3.9431, 4.022e-3
3.9466, 4.022e-3
3.9503, 4.022e-3
3.9539, 4.0219e-3
3.9575, 4.0219e-3
3.9611, 4.0219e-3
3.9647, 4.0218e-3
3.9683, 4.0218e-3
3.9719, 4.0218e-3
3.9755, 4.0218e-3
3.979, 4.0217e-3
3.9827, 4.0217e-3
3.9863, 4.0217e-3
3.9899, 4.0216e-3
3.9935, 4.0216e-3
3.9971, 4.0216e-3
4.0007, 4.0216e-3
4.0044, 4.0369e-3
4.008, 4.0369e-3
4.0116, 4.0369e-3
4.0152, 4.0369e-3
4.0188, 4.0368e-3
4.0224, 4.0368e-3
4.026, 4.0368e-3
4.0296, 4.0368e-3
4.0332, 4.0367e-3
4.0368, 4.0367e-3
4.0404, 4.0367e-3
4.044, 4.0366e-3
4.0476, 4.0366e-3
4.0512, 4.0366e-3
4.0548, 4.0366e-3
4.0584, 4.0365e-3
4.062, 4.0365e-3
4.0656, 4.0365e-3
4.0692, 4.0364e-3
4.0728, 4.0364e-3
4.0765, 4.0364e-3
4.0801, 4.0364e-3
4.0836, 4.0363e-3
4.0873, 4.0363e-3
4.0909, 4.0363e-3
4.0945, 4.0363e-3
4.0981, 4.0362e-3
4.1017, 4.0362e-3
4.1053, 4.0362e-3
4.1089, 4.0361e-3
4.1125, 4.0361e-3
4.1161, 4.0361e-3
4.1197, 4.0361e-3
4.1233, 4.036e-3
4.1269, 4.036e-3
4.1305, 4.036e-3
4.1341, 4.0359e-3
4.1377, 4.0359e-3
4.1413, 4.0359e-3
4.1449, 4.0359e-3
4.1485, 4.0358e-3
4.1522, 4.0358e-3
4.1558, 4.0358e-3
4.1594, 4.0512e-3
4.163, 4.0511e-3
4.1666, 4.0511e-3
4.1702, 4.0511e-3
4.1738, 4.051e-3
4.1774, 4.051e-3
4.181, 4.051e-3
4.1846, 4.051e-3
4.1882, 4.0509e-3
4.1918, 4.0509e-3
4.1954, 4.0509e-3
4.199, 4.0509e-3
4.2026, 4.0508e-3
4.2062, 4.0508e-3
4.2098, 4.0508e-3
4.2134, 4.0507e-3
4.2171, 4.0507e-3
4.2207, 4.0507e-3
4.2243, 4.0507e-3
4.2279, 4.0506e-3
4.2315, 4.0506e-3
4.2351, 4.0506e-3
4.2387, 4.0505e-3
4.2423, 4.0505e-3
4.2459, 4.0505e-3
4.2495, 4.0505e-3
4.253, 4.0504e-3
4.2567, 4.0504e-3
4.2603, 4.0504e-3
4.2639, 4.0504e-3
4.2675, 4.0503e-3
4.2711, 4.0503e-3
4.2747, 4.0503e-3
4.2783, 4.0502e-3
4.2819, 4.0502e-3
4.2854, 4.0502e-3
4.2891, 4.0502e-3
4.2928, 4.0501e-3
4.2964, 4.0501e-3
4.3, 4.0501e-3
4.3035, 4.05e-3
4.3072, 4.05e-3
4.3108, 4.05e-3
4.3144, 4.05e-3
4.318, 4.0499e-3
4.3216, 4.0499e-3
4.3252, 4.0499e-3
4.3288, 4.0499e-3
4.3324, 4.0498e-3
4.336, 4.0498e-3
4.3396, 4.0498e-3
4.3432, 4.0497e-3
4.3468, 4.0497e-3
4.3504, 4.0497e-3
4.354, 4.0497e-3
4.3577, 4.065e-3
4.3613, 4.065e-3
4.3649, 4.065e-3
4.3685, 4.065e-3
4.3721, 4.0649e-3
4.3757, 4.0649e-3
4.3793, 4.0649e-3
4.3829, 4.0648e-3
4.3865, 4.0648e-3
4.3901, 4.0648e-3
4.3937, 4.0648e-3
4.3973, 4.0647e-3
4.4009, 4.0647e-3
4.4045, 4.0647e-3
4.4081, 4.0647e-3
4.4117, 4.0646e-3
4.4153, 4.0646e-3
4.4189, 4.0646e-3
4.4224, 4.0645e-3
4.4261, 4.0645e-3
4.4298, 4.0645e-3
4.4334, 4.0645e-3
4.437, 4.0644e-3
4.4405, 4.0644e-3
4.4442, 4.0644e-3
4.4478, 4.0643e-3
4.4514, 4.0643e-3
4.455, 4.0643e-3
4.4586, 4.0643e-3
4.4622, 4.0642e-3
4.4658, 4.0642e-3
4.4694, 4.0642e-3
4.4729, 4.0642e-3
4.4766, 4.0641e-3
4.4802, 4.0641e-3
4.4838, 4.0641e-3
4.4874, 4.064e-3
4.491, 4.064e-3
4.4946, 4.064e-3
4.4982, 4.064e-3
4.5018, 4.0639e-3
4.5055, 4.0639e-3
4.5091, 4.0639e-3
4.5127, 4.0638e-3
4.5163, 4.0638e-3
4.5199, 4.0638e-3
4.5234, 4.0638e-3
4.5271, 4.0637e-3
4.5307, 4.0637e-3
4.5343, 4.0637e-3
4.5379, 4.0637e-3
4.5415, 4.0636e-3
4.5451, 4.0636e-3
4.5487, 4.0636e-3
4.5523, 4.0635e-3
4.5558, 4.0635e-3
4.5594, 4.0635e-3
4.5631, 4.0635e-3
4.5667, 4.0634e-3
4.5703, 4.0634e-3
4.5739, 4.0634e-3
4.5776, 4.0633e-3
4.5812, 4.0633e-3
4.5848, 4.0633e-3
4.5884, 4.0633e-3
4.592, 4.0632e-3
4.5956, 4.0632e-3
4.5992, 4.0632e-3
4.6028, 4.0632e-3
4.6064, 4.0631e-3
4.6099, 4.0631e-3
4.6136, 4.0631e-3
4.6172, 4.063e-3
4.6208, 4.063e-3
4.6244, 4.063e-3
4.628, 4.063e-3
4.6316, 4.0629e-3
4.6352, 4.0629e-3
4.6388, 4.0629e-3
4.6423, 4.0628e-3
4.646, 4.0628e-3
4.6496, 4.0628e-3
4.6533, 4.0628e-3
4.6569, 4.0627e-3
4.6604, 4.0627e-3
4.6641, 4.0781e-3
4.6677, 4.0781e-3
4.6713, 4.078e-3
4.6749, 4.078e-3
4.6785, 4.078e-3
4.6821, 4.0779e-3
4.6857, 4.0779e-3
4.6893, 4.0779e-3
4.6928, 4.0779e-3
4.6965, 4.0778e-3
4.7001, 4.0778e-3
4.7037, 4.0778e-3
4.7073, 4.0778e-3
4.7109, 4.0777e-3
4.7145, 4.0777e-3
4.7182, 4.0777e-3
4.7218, 4.0776e-3
4.7254, 4.0776e-3
4.729, 4.0776e-3
4.7326, 4.0776e-3
4.7362, 4.0775e-3
4.7398, 4.0775e-3
4.7433, 4.0775e-3
4.7469, 4.0774e-3
4.7506, 4.0774e-3
4.7542, 4.0774e-3
4.7578, 4.0774e-3
4.7614, 4.0773e-3
4.765, 4.0773e-3
4.7686, 4.0773e-3
4.7722, 4.0773e-3
4.7758, 4.0772e-3
4.7793, 4.0772e-3
4.783, 4.0772e-3
4.7866, 4.0771e-3
4.7903, 4.0771e-3
4.7939, 4.0771e-3
4.7974, 4.0771e-3
4.8011, 4.077e-3
4.8047, 4.077e-3
4.8083, 4.077e-3
4.8119, 4.077e-3
4.8155, 4.0769e-3
4.8191, 4.0769e-3
4.8227, 4.0769e-3
4.8263, 4.0768e-3
4.8298, 4.0768e-3
4.8335, 4.0768e-3
4.8371, 4.0768e-3
4.8407, 4.0767e-3
4.8443, 4.0767e-3
4.8479, 4.0767e-3
4.8515, 4.0766e-3
4.8551, 4.0766e-3
4.8587, 4.0766e-3
4.8622, 4.0766e-3
4.866, 4.0765e-3
4.8696, 4.0765e-3
4.8732, 4.0765e-3
4.8768, 4.0765e-3
4.8803, 4.0764e-3
4.884, 4.0764e-3
4.8876, 4.0764e-3
4.8912, 4.0763e-3
4.8948, 4.0763e-3
4.8984, 4.0763e-3
4.902, 4.0763e-3
4.9056, 4.0762e-3
4.9092, 4.0762e-3
4.9127, 4.0762e-3
4.9163, 4.0761e-3
4.92, 4.0761e-3
4.9236, 4.0761e-3
4.9272, 4.0761e-3
4.9308, 4.076e-3
4.9344, 4.076e-3
4.9381, 4.076e-3
4.9417, 4.076e-3
4.9453, 4.0759e-3
4.9489, 4.0759e-3
4.9525, 4.0759e-3
4.9561, 4.0758e-3
4.9597, 4.0758e-3
4.9633, 4.0758e-3
4.9668, 4.0758e-3
4.9705, 4.0757e-3
4.9741, 4.0757e-3
4.9777, 4.0757e-3
4.9813, 4.0756e-3
4.9849, 4.0756e-3
4.9885, 4.0756e-3
4.9921, 4.0756e-3
4.9957, 4.0755e-3
4.9992, 4.0755e-3
5.0029, 4.0755e-3
5.0065, 4.0755e-3
5.0101, 4.0754e-3
5.0138, 4.0754e-3
5.0174, 4.0754e-3
5.021, 4.0753e-3
5.0246, 4.0753e-3
5.0282, 4.0753e-3
5.0318, 4.0753e-3
5.0354, 4.0752e-3
5.039, 4.0752e-3
5.0426, 4.0752e-3
5.0462, 4.0751e-3
5.0498, 4.0751e-3
5.0534, 4.0751e-3
5.057, 4.0751e-3
5.0606, 4.075e-3
5.0642, 4.075e-3
5.0678, 4.075e-3
5.0714, 4.075e-3
5.075, 4.0749e-3
5.0786, 4.0749e-3
5.0822, 4.0749e-3
5.0859, 4.0748e-3
5.0895, 4.0748e-3
5.0931, 4.0748e-3
5.0967, 4.0748e-3
5.1003, 4.0747e-3
5.1039, 4.0747e-3
5.1075, 4.0747e-3
5.1111, 4.0746e-3
5.1147, 4.0746e-3
5.1183, 4.0746e-3
5.1219, 4.0746e-3
5.1255, 4.0745e-3
5.1291, 4.0745e-3
5.1327, 4.0745e-3
5.1363, 4.0745e-3
5.1399, 4.0744e-3
5.1435, 4.0744e-3
5.1471, 4.0744e-3
5.1507, 4.0743e-3
5.1543, 4.0743e-3
5.1579, 4.0743e-3
5.1616, 4.0743e-3
5.1652, 4.0742e-3
5.1688, 4.0742e-3
5.1724, 4.0742e-3
5.176, 4.0741e-3
5.1796, 4.0741e-3
5.1832, 4.0741e-3
5.1868, 4.0741e-3
5.1904, 4.074e-3
5.194, 4.074e-3
5.1976, 4.074e-3
5.2012, 4.074e-3
5.2048, 4.0739e-3
5.2084, 4.0739e-3
5.212, 4.0739e-3
5.2156, 4.0738e-3
5.2192, 4.0738e-3
5.2227, 4.0738e-3
5.2264, 4.0738e-3
5.23, 4.0737e-3
5.2337, 4.0737e-3
5.2373, 4.0737e-3
5.2409, 4.0736e-3
5.2445, 4.0736e-3
5.2481, 4.0736e-3
5.2517, 4.0736e-3
5.2553, 4.0735e-3
5.2589, 4.0735e-3
5.2625, 4.0735e-3
5.2661, 4.0735e-3
5.2697, 4.0734e-3
5.2732, 4.0734e-3
5.2769, 4.0734e-3
5.2805, 4.0733e-3
5.2841, 4.0733e-3
5.2877, 4.0733e-3
5.2913, 4.0733e-3
5.2949, 4.0732e-3
5.2985, 4.0732e-3
5.3021, 4.0732e-3
5.3057, 4.0731e-3
5.3094, 4.0731e-3
5.313, 4.0731e-3
5.3166, 4.0731e-3
5.3202, 4.073e-3
5.3237, 4.073e-3
5.3274, 4.073e-3
5.331, 4.073e-3
5.3346, 4.0729e-3
5.3382, 4.0729e-3
5.3418, 4.0729e-3
5.3454, 4.0728e-3
5.349, 4.0728e-3
5.3526, 4.0728e-3
5.3562, 4.0728e-3
5.3598, 4.0727e-3
5.3634, 4.0727e-3
5.367, 4.0727e-3
5.3706, 4.0726e-3
5.3742, 4.0726e-3
5.3778, 4.0726e-3
5.3815, 4.0726e-3
5.3851, 4.0725e-3
5.3887, 4.0725e-3
5.3923, 4.0725e-3
5.3959, 4.0725e-3
5.3995, 4.0724e-3
5.4031, 4.0724e-3
5.4067, 4.0724e-3
5.4102, 4.0723e-3
5.4139, 4.0723e-3
5.4175, 4.0723e-3
5.4211, 4.0723e-3
5.4247, 4.0722e-3
5.4283, 4.0722e-3
5.4319, 4.0722e-3
5.4355, 4.0721e-3
5.4391, 4.0721e-3
5.4426, 4.0721e-3
5.4463, 4.0721e-3
5.4499, 4.072e-3
5.4535, 4.072e-3
5.4571, 4.0566e-3
5.4607, 4.0565e-3
5.4644, 4.0565e-3
5.468, 4.0565e-3
5.4716, 4.0565e-3
5.4752, 4.0564e-3
5.4788, 4.0564e-3
5.4824, 4.0564e-3
5.486, 4.0563e-3
5.4896, 4.0563e-3
5.4932, 4.0563e-3
5.4968, 4.0563e-3
5.5004, 4.0562e-3
5.504, 4.0562e-3
5.5076, 4.0562e-3
5.5112, 4.0562e-3
5.5148, 4.0561e-3
5.5184, 4.0561e-3
5.522, 4.0561e-3
5.5255, 4.056e-3
5.5292, 4.056e-3
5.5328, 4.056e-3
5.5364, 4.056e-3
5.5401, 4.0559e-3
5.5436, 4.0559e-3
5.5473, 4.0559e-3
5.5509, 4.0558e-3
5.5545, 4.0558e-3
5.5581, 4.0558e-3
5.5617, 4.0558e-3
5.5653, 4.0557e-3
5.5689, 4.0557e-3
5.5725, 4.0557e-3
5.576, 4.0557e-3
5.5796, 4.0556e-3
5.5833, 4.0556e-3
5.5869, 4.0556e-3
5.5905, 4.0555e-3
5.5941, 4.0555e-3
5.5977, 4.0401e-3
5.6013, 4.0401e-3
5.6049, 4.04e-3
5.6085, 4.04e-3
5.612, 4.04e-3
5.6157, 4.0399e-3
5.6194, 4.0399e-3
5.623, 4.0399e-3
5.6266, 4.0399e-3
5.6301, 4.0398e-3
5.6338, 4.0398e-3
5.6374, 4.0398e-3
5.641, 4.0397e-3
5.6446, 4.0397e-3
5.6482, 4.0397e-3
5.6518, 4.0397e-3
5.6554, 4.0396e-3
5.659, 4.0396e-3
5.6625, 4.0396e-3
5.6662, 4.0396e-3
5.6698, 4.0395e-3
5.6734, 4.0395e-3
5.677, 4.0395e-3
5.6806, 4.0394e-3
5.6842, 4.0394e-3
5.6878, 4.0394e-3
5.6914, 4.0394e-3
5.6951, 4.0393e-3
5.6987, 4.0393e-3
5.7023, 4.0393e-3
5.7059, 4.0392e-3
5.7095, 4.0392e-3
5.713, 4.0392e-3
5.7167, 4.0392e-3
5.7203, 4.0391e-3
5.7239, 4.0391e-3
5.7275, 4.0237e-3
5.7311, 4.0236e-3
5.7347, 4.0236e-3
5.7383, 4.0236e-3
5.7419, 4.0236e-3
5.7455, 4.0235e-3
5.749, 4.0235e-3
5.7527, 4.0235e-3
5.7563, 4.0234e-3
5.7599, 4.0234e-3
5.7635, 4.0234e-3
5.7671, 4.0234e-3
5.7707, 4.0233e-3
5.7743, 4.0233e-3
5.778, 4.0233e-3
5.7816, 4.0233e-3
5.7852, 4.0232e-3
5.7888, 4.0232e-3
5.7924, 4.0232e-3
5.796, 4.0231e-3
5.7995, 4.0231e-3
5.8032, 4.0231e-3
5.8068, 4.0231e-3
5.8104, 4.023e-3
5.814, 4.023e-3
5.8176, 4.023e-3
5.8212, 4.0229e-3
5.8248, 4.0229e-3
5.8284, 4.0229e-3
5.8319, 4.0229e-3
5.8356, 4.0228e-3
5.8392, 4.0228e-3
5.8428, 4.0074e-3
5.8464, 4.0073e-3
5.85, 4.0073e-3
5.8536, 4.0073e-3
5.8573, 4.0073e-3
5.8609, 4.0072e-3
5.8645, 4.0072e-3
5.8681, 4.0072e-3
5.8717, 4.0072e-3
5.8753, 4.0071e-3
5.8789, 4.0071e-3
5.8824, 4.0071e-3
5.886, 4.007e-3
5.8897, 4.007e-3
5.8933, 4.007e-3
5.8969, 4.007e-3
5.9005, 4.0069e-3
5.9041, 4.0069e-3
5.9077, 4.0069e-3
5.9113, 4.0068e-3
5.9149, 4.0068e-3
5.9184, 4.0068e-3
5.9221, 4.0068e-3
5.9257, 4.0067e-3
5.9293, 4.0067e-3
5.933, 4.0067e-3
5.9365, 4.0067e-3
5.9402, 4.0066e-3
5.9438, 4.0066e-3
5.9474, 4.0066e-3
5.951, 3.9911e-3
5.9546, 3.9911e-3
5.9582, 3.9911e-3
5.9618, 3.991e-3
5.9654, 3.991e-3
5.9689, 3.991e-3
5.9726, 3.991e-3
5.9762, 3.9909e-3
5.9798, 3.9909e-3
5.9834, 3.9909e-3
5.987, 3.9909e-3
5.9906, 3.9908e-3
5.9942, 3.9908e-3
5.9978, 3.9908e-3
6.0014, 3.9907e-3
6.005, 3.9907e-3
6.0086, 3.9907e-3
6.0122, 3.9907e-3
6.0159, 3.9906e-3
6.0195, 3.9906e-3
6.0231, 3.9906e-3
6.0267, 3.9905e-3
6.0303, 3.9905e-3
6.0339, 3.9905e-3
6.0375, 3.9905e-3
6.0411, 3.9904e-3
6.0447, 3.9904e-3
6.0483, 3.9904e-3
6.0519, 3.9904e-3
6.0555, 3.9749e-3
6.0591, 3.9749e-3
6.0627, 3.9749e-3
6.0663, 3.9748e-3
6.0699, 3.9748e-3
6.0735, 3.9748e-3
6.0771, 3.9748e-3
6.0807, 3.9747e-3
6.0843, 3.9747e-3
6.0879, 3.9747e-3
6.0915, 3.9746e-3
6.0952, 3.9746e-3
6.0988, 3.9746e-3
6.1024, 3.9746e-3
6.106, 3.9745e-3
6.1096, 3.9745e-3
6.1132, 3.9745e-3
6.1168, 3.9744e-3
6.1204, 3.9744e-3
6.124, 3.9744e-3
6.1276, 3.9744e-3
6.1312, 3.9743e-3
6.1348, 3.9743e-3
6.1384, 3.9743e-3
6.142, 3.9743e-3
6.1456, 3.9742e-3
6.1492, 3.9742e-3
6.1528, 3.9742e-3
6.1564, 3.9587e-3
6.16, 3.9587e-3
6.1636, 3.9587e-3
6.1672, 3.9586e-3
6.1708, 3.9586e-3
6.1743, 3.9586e-3
6.1781, 3.9586e-3
6.1817, 3.9585e-3
6.1853, 3.9585e-3
6.1889, 3.9585e-3
6.1925, 3.9585e-3
6.1961, 3.9584e-3
6.1997, 3.9584e-3
6.2033, 3.9584e-3
6.2069, 3.9583e-3
6.2105, 3.9583e-3
6.2141, 3.9583e-3
6.2177, 3.9583e-3
6.2213, 3.9582e-3
6.2248, 3.9582e-3
6.2285, 3.9582e-3
6.2321, 3.9582e-3
6.2357, 3.9581e-3
6.2393, 3.9581e-3
6.2429, 3.9581e-3
6.2465, 3.958e-3
6.2501, 3.958e-3
6.2537, 3.9426e-3
6.2572, 3.9425e-3
6.261, 3.9425e-3
6.2646, 3.9425e-3
6.2682, 3.9425e-3
6.2718, 3.9424e-3
6.2753, 3.9424e-3
6.279, 3.9424e-3
6.2826, 3.9424e-3
6.2862, 3.9423e-3
6.2898, 3.9423e-3
6.2934, 3.9423e-3
6.297, 3.9422e-3
6.3006, 3.9422e-3
6.3042, 3.9422e-3
6.3078, 3.9422e-3
6.3114, 3.9421e-3
6.315, 3.9421e-3
6.3186, 3.9421e-3
6.3222, 3.942e-3
6.3258, 3.942e-3
6.3294, 3.942e-3
6.3331, 3.942e-3
6.3367, 3.9419e-3
6.3403, 3.9419e-3
6.3439, 3.9419e-3
6.3475, 3.9419e-3
6.3511, 3.9264e-3
6.3547, 3.9264e-3
6.3583, 3.9264e-3
6.3618, 3.9263e-3
6.3655, 3.9263e-3
6.3691, 3.9263e-3
6.3727, 3.9263e-3
6.3763, 3.9262e-3
6.3799, 3.9262e-3
6.3835, 3.9262e-3
6.3871, 3.9261e-3
6.3907, 3.9261e-3
6.3942, 3.9261e-3
6.3979, 3.9261e-3
6.4015, 3.926e-3
6.4051, 3.926e-3
6.4087, 3.926e-3
6.4123, 3.9259e-3
6.416, 3.9259e-3
6.4196, 3.9259e-3
6.4232, 3.9259e-3
6.4268, 3.9258e-3
6.4304, 3.9258e-3
6.434, 3.9258e-3
6.4376, 3.9258e-3
6.4412, 3.9257e-3
6.4447, 3.9257e-3
6.4484, 3.9257e-3
6.452, 3.9102e-3
6.4556, 3.9102e-3
6.4592, 3.9102e-3
6.4628, 3.9101e-3
6.4664, 3.9101e-3
6.47, 3.9101e-3
6.4736, 3.9101e-3
6.4772, 3.91e-3
6.4808, 3.91e-3
6.4844, 3.91e-3
6.488, 3.91e-3
6.4916, 3.9099e-3
6.4952, 3.9099e-3
6.4989, 3.9099e-3
6.5025, 3.9098e-3
6.5061, 3.9098e-3
6.5097, 3.9098e-3
6.5133, 3.9098e-3
6.5169, 3.9097e-3
6.5205, 3.9097e-3
6.5241, 3.9097e-3
6.5276, 3.9096e-3
6.5312, 3.9096e-3
6.5349, 3.8942e-3
6.5385, 3.8942e-3
6.5421, 3.8941e-3
6.5457, 3.8941e-3
6.5493, 3.8941e-3
6.5529, 3.894e-3
6.5565, 3.894e-3
6.5601, 3.894e-3
6.5636, 3.894e-3
6.5673, 3.8939e-3
6.5709, 3.8939e-3
6.5745, 3.8939e-3
6.5781, 3.8939e-3
6.5817, 3.8938e-3
6.5854, 3.8938e-3
6.589, 3.8938e-3
6.5926, 3.8937e-3
6.5962, 3.8937e-3
6.5998, 3.8937e-3
6.6034, 3.8937e-3
6.607, 3.8936e-3
6.6106, 3.8936e-3
6.6141, 3.8936e-3
6.6178, 3.8935e-3
6.6214, 3.8935e-3
6.625, 3.8935e-3
6.6286, 3.8935e-3
6.6322, 3.8934e-3
6.6358, 3.878e-3
6.6394, 3.878e-3
6.643, 3.8779e-3
6.6465, 3.8779e-3
6.6502, 3.8779e-3
6.6538, 3.8779e-3
6.6574, 3.8778e-3
6.6611, 3.8778e-3
6.6646, 3.8778e-3
6.6683, 3.8777e-3
6.6719, 3.8777e-3
6.6755, 3.8777e-3
6.6791, 3.8777e-3
6.6827, 3.8776e-3
6.6863, 3.8776e-3
6.6899, 3.8776e-3
6.6935, 3.8776e-3
6.6971, 3.8775e-3
6.7006, 3.8775e-3
6.7043, 3.8775e-3
6.7079, 3.8774e-3
6.7115, 3.8774e-3
6.7151, 3.862e-3
6.7187, 3.862e-3
6.7223, 3.8619e-3
6.7259, 3.8619e-3
6.7295, 3.8619e-3
6.733, 3.8618e-3
6.7367, 3.8618e-3
6.7403, 3.8618e-3
6.744, 3.8618e-3
6.7476, 3.8617e-3
6.7511, 3.8617e-3
6.7548, 3.8617e-3
6.7584, 3.8616e-3
6.762, 3.8616e-3
6.7656, 3.8616e-3
6.7692, 3.8616e-3
6.7728, 3.8615e-3
6.7764, 3.8615e-3
6.78, 3.8615e-3
6.7835, 3.8615e-3
6.7872, 3.8614e-3
6.7908, 3.8614e-3
6.7944, 3.8614e-3
6.798, 3.8613e-3
6.8016, 3.8613e-3
6.8052, 3.8459e-3
6.8088, 3.8458e-3
6.8124, 3.8458e-3
6.8159, 3.8458e-3
6.8195, 3.8458e-3
6.8232, 3.8457e-3
6.8269, 3.8457e-3
6.8305, 3.8457e-3
6.834, 3.8457e-3
6.8377, 3.8456e-3
6.8413, 3.8456e-3
6.8449, 3.8456e-3
6.8485, 3.8455e-3
6.8521, 3.8455e-3
6.8557, 3.8455e-3
6.8593, 3.8455e-3
6.8629, 3.8454e-3
6.8665, 3.8454e-3
6.87, 3.8454e-3
6.8737, 3.8453e-3
6.8773, 3.8453e-3
6.8809, 3.8453e-3
6.8845, 3.8453e-3
6.8881, 3.8452e-3
6.8917, 3.8298e-3
6.8953, 3.8298e-3
6.8989, 3.8297e-3
6.9024, 3.8297e-3
6.9061, 3.8297e-3
6.9098, 3.8297e-3
6.9134, 3.8296e-3
6.917, 3.8296e-3
6.9205, 3.8296e-3
6.9242, 3.8296e-3
6.9278, 3.8295e-3
6.9314, 3.8295e-3
6.935, 3.8295e-3
6.9386, 3.8294e-3
6.9422, 3.8294e-3
6.9458, 3.8294e-3
6.9494, 3.8294e-3
6.9529, 3.8293e-3
6.9566, 3.8293e-3
6.9602, 3.8293e-3
6.9638, 3.8292e-3
6.9674, 3.8292e-3
6.971, 3.8292e-3
6.9746, 3.8292e-3
6.9782, 3.8137e-3
6.9818, 3.8137e-3
6.9854, 3.8137e-3
6.9891, 3.8136e-3
6.9927, 3.8136e-3
6.9963, 3.8136e-3
6.9999, 3.8136e-3
7.0035, 3.8135e-3
7.0071, 3.8135e-3
7.0107, 3.8135e-3
7.0143, 3.8134e-3
7.0179, 3.8134e-3
7.0215, 3.8134e-3
7.0251, 3.8134e-3
7.0287, 3.8133e-3
7.0323, 3.8133e-3
7.0359, 3.8133e-3
7.0395, 3.8133e-3
7.0431, 3.8132e-3
7.0467, 3.8132e-3
7.0503, 3.8132e-3
7.0539, 3.8131e-3
7.0575, 3.8131e-3
7.0611, 3.8131e-3
7.0647, 3.7977e-3
7.0683, 3.7976e-3
7.072, 3.7976e-3
7.0756, 3.7976e-3
7.0792, 3.7975e-3
7.0828, 3.7975e-3
7.0864, 3.7975e-3
7.09, 3.7975e-3
7.0936, 3.7974e-3
7.0972, 3.7974e-3
7.1008, 3.7974e-3
7.1044, 3.7973e-3
7.108, 3.7973e-3
7.1116, 3.7973e-3
7.1152, 3.7973e-3
7.1188, 3.7972e-3
7.1224, 3.7972e-3
7.126, 3.7972e-3
7.1296, 3.7972e-3
7.1332, 3.7971e-3
7.1368, 3.7971e-3
7.1404, 3.7971e-3
7.144, 3.797e-3
7.1476, 3.7816e-3
7.1512, 3.7816e-3
7.1549, 3.7815e-3
7.1585, 3.7815e-3
7.1621, 3.7815e-3
7.1657, 3.7815e-3
7.1693, 3.7814e-3
7.1729, 3.7814e-3
7.1764, 3.7814e-3
7.1801, 3.7814e-3
7.1837, 3.7813e-3
7.1873, 3.7813e-3
7.1909, 3.7813e-3
7.1945, 3.7812e-3
7.1981, 3.7812e-3
7.2017, 3.7812e-3
7.2053, 3.7812e-3
7.2089, 3.7811e-3
7.2125, 3.7811e-3
7.2161, 3.7811e-3
7.2197, 3.781e-3
7.2233, 3.781e-3
7.227, 3.781e-3
7.2305, 3.7656e-3
7.2341, 3.7655e-3
7.2378, 3.7655e-3
7.2414, 3.7655e-3
7.245, 3.7654e-3
7.2486, 3.7654e-3
7.2522, 3.7654e-3
7.2558, 3.7654e-3
7.2594, 3.7653e-3
7.263, 3.7653e-3
7.2666, 3.7653e-3
7.2702, 3.7653e-3
7.2738, 3.7652e-3
7.2774, 3.7652e-3
7.281, 3.7652e-3
7.2846, 3.7651e-3
7.2882, 3.7651e-3
7.2918, 3.7651e-3
7.2953, 3.7651e-3
7.299, 3.765e-3
7.3026, 3.765e-3
7.3062, 3.765e-3
7.3098, 3.7495e-3
7.3134, 3.7495e-3
7.3171, 3.7495e-3
7.3207, 3.7495e-3
7.3243, 3.7494e-3
7.3279, 3.7494e-3
7.3315, 3.7494e-3
7.3351, 3.7493e-3
7.3387, 3.7493e-3
7.3423, 3.7493e-3
7.3458, 3.7493e-3
7.3495, 3.7492e-3
7.3531, 3.7492e-3
7.3567, 3.7492e-3
7.3603, 3.7492e-3
7.3639, 3.7491e-3
7.3675, 3.7491e-3
7.3711, 3.7491e-3
7.3747, 3.749e-3
7.3783, 3.7336e-3
7.3819, 3.7336e-3
7.3855, 3.7335e-3
7.3891, 3.7335e-3
7.3927, 3.7335e-3
7.3963, 3.7335e-3
7.4, 3.7334e-3
7.4036, 3.7334e-3
7.4072, 3.7334e-3
7.4108, 3.7334e-3
7.4144, 3.7333e-3
7.418, 3.7333e-3
7.4216, 3.7333e-3
7.4252, 3.7332e-3
7.4288, 3.7332e-3
7.4324, 3.7332e-3
7.436, 3.7332e-3
7.4396, 3.7331e-3
7.4432, 3.7331e-3
7.4468, 3.7177e-3
7.4504, 3.7176e-3
7.454, 3.7176e-3
7.4576, 3.7176e-3
7.4612, 3.7176e-3
7.4647, 3.7175e-3
7.4684, 3.7175e-3
7.472, 3.7175e-3
7.4756, 3.7174e-3
7.4792, 3.7174e-3
7.4828, 3.7174e-3
7.4865, 3.7174e-3
7.4901, 3.7173e-3
7.4937, 3.7173e-3
7.4973, 3.7173e-3
7.5009, 3.7018e-3
7.5045, 3.7018e-3
7.5081, 3.7018e-3
7.5117, 3.7018e-3
7.5152, 3.7017e-3
7.5189, 3.7017e-3
7.5225, 3.7017e-3
7.5261, 3.7016e-3
7.5297, 3.7016e-3
7.5333, 3.7016e-3
7.5369, 3.7016e-3
7.5405, 3.7015e-3
7.5441, 3.7015e-3
7.5476, 3.7015e-3
7.5513, 3.7015e-3
7.5549, 3.7014e-3
7.5585, 3.7014e-3
7.5621, 3.7014e-3
7.5657, 3.6859e-3
7.5693, 3.6859e-3
7.573, 3.6859e-3
7.5766, 3.6859e-3
7.5802, 3.6858e-3
7.5838, 3.6858e-3
7.5874, 3.6858e-3
7.591, 3.6857e-3
7.5946, 3.6857e-3
7.5981, 3.6857e-3
7.6018, 3.6857e-3
7.6054, 3.6856e-3
7.609, 3.6856e-3
7.6126, 3.6856e-3
7.6162, 3.6855e-3
7.6198, 3.6701e-3
7.6234, 3.6701e-3
7.627, 3.6701e-3
7.6306, 3.67e-3
7.6341, 3.67e-3
7.6378, 3.67e-3
7.6414, 3.6699e-3
7.645, 3.6699e-3
7.6486, 3.6699e-3
7.6522, 3.6699e-3
7.6559, 3.6698e-3
7.6595, 3.6698e-3
7.6631, 3.6698e-3
7.6667, 3.6697e-3
7.6703, 3.6697e-3
7.6739, 3.6697e-3
7.6775, 3.6543e-3
7.6811, 3.6542e-3
7.6846, 3.6542e-3
7.6883, 3.6542e-3
7.6919, 3.6541e-3
7.6955, 3.6541e-3
7.6991, 3.6541e-3
7.7027, 3.6541e-3
7.7063, 3.654e-3
7.7099, 3.654e-3
7.7135, 3.654e-3
7.717, 3.654e-3
7.7207, 3.6539e-3
7.7243, 3.6539e-3
7.7279, 3.6539e-3
7.7315, 3.6538e-3
7.7351, 3.6384e-3
7.7387, 3.6384e-3
7.7423, 3.6383e-3
7.746, 3.6383e-3
7.7496, 3.6383e-3
7.7532, 3.6383e-3
7.7568, 3.6382e-3
7.7604, 3.6382e-3
7.764, 3.6382e-3
7.7675, 3.6382e-3
7.7711, 3.6381e-3
7.7748, 3.6381e-3
7.7784, 3.6381e-3
7.782, 3.638e-3
7.7856, 3.638e-3
7.7892, 3.638e-3
7.7928, 3.6226e-3
7.7964, 3.6225e-3
7.8, 3.6225e-3
7.8035, 3.6225e-3
7.8072, 3.6224e-3
7.8108, 3.6224e-3
7.8144, 3.6224e-3
7.818, 3.6224e-3
7.8216, 3.6223e-3
7.8253, 3.6223e-3
7.8289, 3.6223e-3
7.8325, 3.6222e-3
7.8361, 3.6222e-3
7.8397, 3.6222e-3
7.8433, 3.6222e-3
7.8469, 3.6221e-3
7.8505, 3.6067e-3
7.854, 3.6067e-3
7.8577, 3.6066e-3
7.8613, 3.6066e-3
7.8649, 3.6066e-3
7.8685, 3.6066e-3
7.8721, 3.6065e-3
7.8757, 3.6065e-3
7.8793, 3.6065e-3
7.8829, 3.6064e-3
7.8864, 3.6064e-3
7.8901, 3.6064e-3
7.8937, 3.6064e-3
7.8973, 3.6063e-3
7.9009, 3.6063e-3
7.9045, 3.6063e-3
7.9081, 3.5908e-3
7.9117, 3.5908e-3
7.9154, 3.5908e-3
7.919, 3.5908e-3
7.9226, 3.5907e-3
7.9262, 3.5907e-3
7.9298, 3.5907e-3
7.9334, 3.5907e-3
7.937, 3.5906e-3
7.9405, 3.5906e-3
7.9442, 3.5906e-3
7.9478, 3.5905e-3
7.9514, 3.5905e-3
7.955, 3.5905e-3
7.9586, 3.5905e-3
7.9622, 3.575e-3
7.9658, 3.575e-3
7.9694, 3.575e-3
7.9729, 3.5749e-3
7.9766, 3.5749e-3
7.9802, 3.5749e-3
7.9838, 3.5749e-3
7.9874, 3.5748e-3
7.991, 3.5748e-3
7.9946, 3.5748e-3
7.9983, 3.5747e-3
8.0019, 3.5747e-3
8.0055, 3.5747e-3
8.0091, 3.5747e-3
8.0127, 3.5746e-3
8.0163, 3.5746e-3
8.0199, 3.5592e-3
8.0235, 3.5591e-3
8.0271, 3.5591e-3
8.0307, 3.5591e-3
8.0343, 3.5591e-3
8.0379, 3.559e-3
8.0415, 3.559e-3
8.0451, 3.559e-3
8.0487, 3.5589e-3
8.0523, 3.5589e-3
8.0559, 3.5589e-3
8.0594, 3.5589e-3
8.0631, 3.5588e-3
8.0667, 3.5588e-3
8.0703, 3.5588e-3
8.0739, 3.5433e-3
8.0775, 3.5433e-3
8.0811, 3.5433e-3
8.0847, 3.5433e-3
8.0884, 3.5432e-3
8.092, 3.5432e-3
8.0956, 3.5432e-3
8.0992, 3.5431e-3
8.1028, 3.5431e-3
8.1064, 3.5431e-3
8.11, 3.5431e-3
8.1136, 3.543e-3
8.1172, 3.543e-3
8.1208, 3.543e-3
8.1244, 3.543e-3
8.128, 3.5275e-3
8.1316, 3.5275e-3
8.1352, 3.5275e-3
8.1388, 3.5274e-3
8.1424, 3.5274e-3
8.146, 3.5274e-3
8.1496, 3.5274e-3
8.1532, 3.5273e-3
8.1568, 3.5273e-3
8.1604, 3.5273e-3
8.164, 3.5272e-3
8.1676, 3.5272e-3
8.1713, 3.5272e-3
8.1749, 3.5272e-3
8.1785, 3.5271e-3
8.1821, 3.5271e-3
8.1857, 3.5117e-3
8.1893, 3.5116e-3
8.1929, 3.5116e-3
8.1965, 3.5116e-3
8.2001, 3.5116e-3
8.2037, 3.5115e-3
8.2073, 3.5115e-3
8.2109, 3.5115e-3
8.2145, 3.5114e-3
8.2181, 3.5114e-3
8.2217, 3.5114e-3
8.2253, 3.5114e-3
8.2288, 3.5113e-3
8.2325, 3.5113e-3
8.2361, 3.5113e-3
8.2397, 3.4958e-3
8.2433, 3.4958e-3
8.2469, 3.4958e-3
8.2505, 3.4958e-3
8.2541, 3.4957e-3
8.2577, 3.4957e-3
8.2614, 3.4957e-3
8.265, 3.4956e-3
8.2686, 3.4956e-3
8.2722, 3.4956e-3
8.2758, 3.4956e-3
8.2793, 3.4955e-3
8.283, 3.4955e-3
8.2866, 3.4955e-3
8.2902, 3.4955e-3
8.2938, 3.4954e-3
8.2974, 3.48e-3
8.301, 3.48e-3
8.3046, 3.4799e-3
8.3082, 3.4799e-3
8.3118, 3.4799e-3
8.3154, 3.4799e-3
8.319, 3.4798e-3
8.3226, 3.4798e-3
8.3262, 3.4798e-3
8.3298, 3.4797e-3
8.3334, 3.4797e-3
8.337, 3.4797e-3
8.3406, 3.4797e-3
8.3443, 3.4796e-3
8.3479, 3.4796e-3
8.3515, 3.4642e-3
8.3551, 3.4641e-3
8.3587, 3.4641e-3
8.3623, 3.4641e-3
8.3659, 3.4641e-3
8.3695, 3.464e-3
8.3731, 3.464e-3
8.3767, 3.464e-3
8.3803, 3.4639e-3
8.3839, 3.4639e-3
8.3875, 3.4639e-3
8.3911, 3.4639e-3
8.3947, 3.4638e-3
8.3982, 3.4638e-3
8.4019, 3.4638e-3
8.4055, 3.4483e-3
8.4091, 3.4483e-3
8.4127, 3.4483e-3
8.4163, 3.4483e-3
8.4199, 3.4482e-3
8.4235, 3.4482e-3
8.4271, 3.4482e-3
8.4307, 3.4481e-3
8.4344, 3.4481e-3
8.438, 3.4481e-3
8.4416, 3.4481e-3
8.4452, 3.448e-3
8.4487, 3.448e-3
8.4524, 3.448e-3
8.456, 3.448e-3
8.4596, 3.4479e-3
8.4632, 3.4325e-3
8.4668, 3.4325e-3
8.4704, 3.4324e-3
8.474, 3.4324e-3
8.4776, 3.4324e-3
8.4812, 3.4323e-3
8.4848, 3.4323e-3
8.4884, 3.4323e-3
8.492, 3.4323e-3
8.4956, 3.4322e-3
8.4992, 3.4322e-3
8.5028, 3.4322e-3
8.5064, 3.4322e-3
8.51, 3.4321e-3
8.5135, 3.4321e-3
8.5173, 3.4321e-3
8.5208, 3.4166e-3
8.5245, 3.4166e-3
8.5281, 3.4166e-3
8.5316, 3.4166e-3
8.5352, 3.4165e-3
8.5389, 3.4165e-3
8.5425, 3.4165e-3
8.5461, 3.4164e-3
8.5497, 3.4164e-3
8.5533, 3.4164e-3
8.5569, 3.4164e-3
8.5605, 3.4163e-3
8.5641, 3.4163e-3
8.5676, 3.4163e-3
8.5713, 3.4008e-3
8.5749, 3.4008e-3
8.5785, 3.4008e-3
8.5821, 3.4008e-3
8.5857, 3.4007e-3
8.5893, 3.4007e-3
8.5929, 3.4007e-3
8.5965, 3.4006e-3
8.6, 3.4006e-3
8.6037, 3.4006e-3
8.6074, 3.4006e-3
8.611, 3.4005e-3
8.6146, 3.4005e-3
8.6181, 3.4005e-3
8.6218, 3.4004e-3
8.6254, 3.4004e-3
8.629, 3.4004e-3
8.6326, 3.385e-3
8.6362, 3.3849e-3
8.6398, 3.3849e-3
8.6434, 3.3849e-3
8.647, 3.3848e-3
8.6505, 3.3848e-3
8.6542, 3.3848e-3
8.6578, 3.3848e-3
8.6614, 3.3847e-3
8.665, 3.3847e-3
8.6686, 3.3847e-3
8.6722, 3.3847e-3
8.6758, 3.3846e-3
8.6794, 3.3692e-3
8.683, 3.3692e-3
8.6865, 3.3691e-3
8.6902, 3.3691e-3
8.6938, 3.3691e-3
8.6975, 3.369e-3
8.701, 3.369e-3
8.7046, 3.369e-3
8.7083, 3.369e-3
8.7119, 3.3689e-3
8.7155, 3.3689e-3
8.7191, 3.3689e-3
8.7227, 3.3689e-3
8.7263, 3.3688e-3
8.7299, 3.3688e-3
8.7335, 3.3534e-3
8.737, 3.3533e-3
8.7407, 3.3533e-3
8.7443, 3.3533e-3
8.7479, 3.3533e-3
8.7515, 3.3532e-3
8.7551, 3.3532e-3
8.7587, 3.3532e-3
8.7623, 3.3531e-3
8.7659, 3.3531e-3
8.7694, 3.3531e-3
8.7731, 3.3531e-3
8.7768, 3.353e-3
8.7804, 3.353e-3
8.784, 3.353e-3
8.7875, 3.3529e-3
8.7912, 3.3375e-3
8.7948, 3.3375e-3
8.7984, 3.3375e-3
8.802, 3.3374e-3
8.8056, 3.3374e-3
8.8092, 3.3374e-3
8.8128, 3.3373e-3
8.8164, 3.3373e-3
8.8199, 3.3373e-3
8.8235, 3.3373e-3
8.8272, 3.3372e-3
8.8308, 3.3372e-3
8.8344, 3.3372e-3
8.838, 3.3371e-3
8.8416, 3.3371e-3
8.8452, 3.3217e-3
8.8488, 3.3217e-3
8.8524, 3.3216e-3
8.8559, 3.3216e-3
8.8596, 3.3216e-3
8.8632, 3.3215e-3
8.8669, 3.3215e-3
8.8705, 3.3215e-3
8.874, 3.3215e-3
8.8777, 3.3214e-3
8.8813, 3.3214e-3
8.8849, 3.3214e-3
8.8885, 3.3214e-3
8.8921, 3.3213e-3
8.8957, 3.3213e-3
8.8993, 3.3059e-3
8.9029, 3.3058e-3
8.9064, 3.3058e-3
8.9101, 3.3058e-3
8.9137, 3.3057e-3
8.9173, 3.3057e-3
8.9209, 3.3057e-3
8.9245, 3.3057e-3
8.9281, 3.3056e-3
8.9317, 3.3056e-3
8.9353, 3.3056e-3
8.9388, 3.3056e-3
8.9425, 3.3055e-3
8.9461, 3.3055e-3
8.9498, 3.3055e-3
8.9533, 3.29e-3
8.9569, 3.29e-3
8.9606, 3.29e-3
8.9642, 3.29e-3
8.9678, 3.2899e-3
8.9714, 3.2899e-3
8.975, 3.2899e-3
8.9786, 3.2898e-3
8.9822, 3.2898e-3
8.9858, 3.2898e-3
8.9893, 3.2898e-3
8.9929, 3.2897e-3
8.9966, 3.2897e-3
9.0002, 3.2897e-3
9.0038, 3.2896e-3
9.0074, 3.2742e-3
9.011, 3.2742e-3
9.0146, 3.2742e-3
9.0182, 3.2741e-3
9.0218, 3.2741e-3
9.0254, 3.2741e-3
9.029, 3.274e-3
9.0326, 3.274e-3
9.0362, 3.274e-3
9.0399, 3.274e-3
9.0435, 3.2739e-3
9.0471, 3.2739e-3
9.0507, 3.2739e-3
9.0543, 3.2738e-3
9.0579, 3.2738e-3
9.0615, 3.2584e-3
9.0651, 3.2584e-3
9.0687, 3.2583e-3
9.0723, 3.2583e-3
9.0759, 3.2583e-3
9.0795, 3.2582e-3
9.0831, 3.2582e-3
9.0867, 3.2582e-3
9.0903, 3.2582e-3
9.0939, 3.2581e-3
9.0975, 3.2581e-3
9.1011, 3.2581e-3
9.1047, 3.2581e-3
9.1083, 3.258e-3
9.1118, 3.258e-3
9.1155, 3.2426e-3
9.1191, 3.2425e-3
9.1227, 3.2425e-3
9.1263, 3.2425e-3
9.13, 3.2425e-3
9.1336, 3.2424e-3
9.1372, 3.2424e-3
9.1408, 3.2424e-3
9.1444, 3.2423e-3
9.148, 3.2423e-3
9.1516, 3.2423e-3
9.1552, 3.2423e-3
9.1588, 3.2422e-3
9.1623, 3.2422e-3
9.166, 3.2422e-3
9.1696, 3.2267e-3
9.1732, 3.2267e-3
9.1768, 3.2267e-3
9.1804, 3.2267e-3
9.184, 3.2266e-3
9.1876, 3.2266e-3
9.1912, 3.2266e-3
9.1948, 3.2265e-3
9.1984, 3.2265e-3
9.202, 3.2265e-3
9.2056, 3.2265e-3
9.2092, 3.2264e-3
9.2129, 3.2264e-3
9.2165, 3.2264e-3
9.2201, 3.2263e-3
9.2237, 3.2109e-3
9.2273, 3.2109e-3
9.2309, 3.2109e-3
9.2345, 3.2108e-3
9.2381, 3.2108e-3
9.2417, 3.2108e-3
9.2453, 3.2107e-3
9.2489, 3.2107e-3
9.2525, 3.2107e-3
9.2561, 3.2107e-3
9.2597, 3.2106e-3
9.2633, 3.2106e-3
9.2669, 3.2106e-3
9.2705, 3.2106e-3
9.2741, 3.2105e-3
9.2777, 3.1951e-3
9.2812, 3.1951e-3
9.2849, 3.195e-3
9.2885, 3.195e-3
9.2921, 3.195e-3
9.2957, 3.1949e-3
9.2993, 3.1949e-3
9.303, 3.1949e-3
9.3066, 3.1949e-3
9.3102, 3.1948e-3
9.3138, 3.1948e-3
9.3174, 3.1948e-3
9.321, 3.1948e-3
9.3246, 3.1947e-3
9.3282, 3.1947e-3
9.3317, 3.1947e-3
9.3354, 3.1792e-3
9.339, 3.1792e-3
9.3426, 3.1792e-3
9.3462, 3.1792e-3
9.3498, 3.1791e-3
9.3534, 3.1791e-3
9.357, 3.1791e-3
9.3606, 3.179e-3
9.3642, 3.179e-3
9.3678, 3.179e-3
9.3714, 3.179e-3
9.375, 3.1789e-3
9.3786, 3.1789e-3
9.3822, 3.1789e-3
9.3858, 3.1634e-3
9.3894, 3.1634e-3
9.3931, 3.1634e-3
9.3967, 3.1634e-3
9.4003, 3.1633e-3
9.4039, 3.1633e-3
9.4075, 3.1633e-3
9.4111, 3.1632e-3
9.4147, 3.1632e-3
9.4183, 3.1632e-3
9.4219, 3.1632e-3
9.4255, 3.1631e-3
9.4291, 3.1631e-3
9.4327, 3.1631e-3
9.4363, 3.163e-3
9.4399, 3.163e-3
9.4435, 3.1476e-3
9.4471, 3.1476e-3
9.4506, 3.1475e-3
9.4543, 3.1475e-3
9.4579, 3.1475e-3
9.4615, 3.1474e-3
9.4651, 3.1474e-3
9.4687, 3.1474e-3
9.4723, 3.1474e-3
9.476, 3.1473e-3
9.4796, 3.1473e-3
9.4832, 3.1473e-3
9.4868, 3.1473e-3
9.4904, 3.1318e-3
9.494, 3.1318e-3
9.4976, 3.1318e-3
9.5011, 3.1317e-3
9.5048, 3.1317e-3
9.5084, 3.1317e-3
9.512, 3.1316e-3
9.5156, 3.1316e-3
9.5192, 3.1316e-3
9.5228, 3.1316e-3
9.5264, 3.1315e-3
9.53, 3.1315e-3
9.5335, 3.1315e-3
9.5372, 3.1315e-3
9.5408, 3.1314e-3
9.5444, 3.116e-3
9.548, 3.116e-3
9.5516, 3.1159e-3
9.5552, 3.1159e-3
9.5588, 3.1159e-3
9.5624, 3.1159e-3
9.5661, 3.1158e-3
9.5697, 3.1158e-3
9.5733, 3.1158e-3
9.5769, 3.1157e-3
9.5805, 3.1157e-3
9.584, 3.1157e-3
9.5877, 3.1157e-3
9.5913, 3.1156e-3
9.5949, 3.1156e-3
9.5985, 3.1002e-3
9.6021, 3.1001e-3
9.6057, 3.1001e-3
9.6093, 3.1001e-3
9.6129, 3.1001e-3
9.6165, 3.1e-3
9.62, 3.1e-3
9.6237, 3.1e-3
9.6273, 3.0999e-3
9.6309, 3.0999e-3
9.6345, 3.0999e-3
9.6381, 3.0999e-3
9.6417, 3.0998e-3
9.6453, 3.0998e-3
9.649, 3.0998e-3
9.6524, 3.0843e-3
9.6562, 3.0843e-3
9.6598, 3.0843e-3
9.6634, 3.0843e-3
9.667, 3.0842e-3
9.6705, 3.0842e-3
9.6742, 3.0842e-3
9.6778, 3.0841e-3
9.6814, 3.0841e-3
9.685, 3.0841e-3
9.6886, 3.0841e-3
9.6922, 3.084e-3
9.6958, 3.084e-3
9.6994, 3.084e-3
9.7029, 3.084e-3
9.7066, 3.0685e-3
9.7102, 3.0685e-3
9.7138, 3.0685e-3
9.7174, 3.0684e-3
9.721, 3.0684e-3
9.7246, 3.0684e-3
9.7282, 3.0683e-3
9.7318, 3.0683e-3
9.7354, 3.0683e-3
9.7391, 3.0683e-3
9.7427, 3.0682e-3
9.7463, 3.0682e-3
9.7499, 3.0682e-3
9.7534, 3.0682e-3
9.757, 3.0527e-3
9.7607, 3.0527e-3
9.7643, 3.0527e-3
9.7679, 3.0526e-3
9.7715, 3.0526e-3
9.7751, 3.0526e-3
9.7787, 3.0526e-3
9.7823, 3.0525e-3
9.7859, 3.0525e-3
9.7894, 3.0525e-3
9.7931, 3.0524e-3
9.7967, 3.0524e-3
9.8003, 3.0524e-3
9.8039, 3.0524e-3
9.8075, 3.0523e-3
9.8111, 3.0369e-3
9.8147, 3.0369e-3
9.8183, 3.0368e-3
9.8218, 3.0368e-3
9.8255, 3.0368e-3
9.8292, 3.0368e-3
9.8328, 3.0367e-3
9.8364, 3.0367e-3
9.8399, 3.0367e-3
9.8436, 3.0366e-3
9.8472, 3.0366e-3
9.8508, 3.0366e-3
9.8544, 3.0366e-3
9.858, 3.0365e-3
9.8616, 3.0365e-3
9.8652, 3.0211e-3
9.8688, 3.021e-3
9.8723, 3.021e-3
9.876, 3.021e-3
9.8796, 3.021e-3
9.8832, 3.0209e-3
9.8868, 3.0209e-3
9.8904, 3.0209e-3
9.894, 3.0208e-3
9.8976, 3.0208e-3
9.9012, 3.0208e-3
9.9048, 3.0208e-3
9.9085, 3.0207e-3
9.9121, 3.0207e-3
9.9157, 3.0207e-3
9.9193, 3.0052e-3
9.9229, 3.0052e-3
9.9264, 3.0052e-3
9.9301, 3.0052e-3
9.9337, 3.0051e-3
9.9373, 3.0051e-3
9.9409, 3.0051e-3
9.9445, 3.0051e-3
9.9481, 3.005e-3
9.9517, 3.005e-3
9.9553, 3.005e-3
9.9588, 3.0049e-3
9.9625, 3.0049e-3
9.9661, 3.0049e-3
9.9697, 2.9894e-3
9.9733, 2.9894e-3
9.9769, 3.0048e-3
9.9805, 3.0048e-3
9.9805, 3.0202e-3
9.9842, 3.0202e-3
