#DataThief /Users/villaa/lindhard2_curves.png Tuesday 6-Aug-2019 3:33:43 PM
0.0542, 1.3826e-4
0.0542, 1.5367e-4
0.0542, 1.6907e-4
0.0542, 1.8448e-4
0.0542, 1.9989e-4
0.0578, 2.1527e-4
0.0614, 2.1524e-4
0.0651, 2.3062e-4
0.0687, 2.306e-4
0.0723, 2.4598e-4
0.0759, 2.4595e-4
0.0795, 2.6133e-4
0.0831, 2.613e-4
0.0867, 2.7668e-4
0.0903, 2.7665e-4
0.0939, 2.9203e-4
0.0975, 2.9201e-4
0.1012, 3.0739e-4
0.1048, 3.0736e-4
0.1084, 3.0733e-4
0.112, 3.2271e-4
0.1156, 3.2268e-4
0.1192, 3.3806e-4
0.1228, 3.3804e-4
0.1264, 3.5342e-4
0.13, 3.5339e-4
0.1336, 3.6877e-4
0.1373, 3.6874e-4
0.1409, 3.8412e-4
0.1445, 3.8409e-4
0.1481, 3.8407e-4
0.1517, 3.9945e-4
0.1553, 3.9942e-4
0.1589, 4.148e-4
0.1625, 4.1477e-4
0.1661, 4.3015e-4
0.1697, 4.3013e-4
0.1733, 4.301e-4
0.177, 4.4548e-4
0.1806, 4.4545e-4
0.1842, 4.6083e-4
0.1878, 4.608e-4
0.1914, 4.7618e-4
0.195, 4.7616e-4
0.1985, 4.7613e-4
0.2022, 4.9151e-4
0.2058, 4.9148e-4
0.2094, 5.0686e-4
0.2131, 5.0683e-4
0.2167, 5.2221e-4
0.2203, 5.2219e-4
0.2239, 5.2216e-4
0.2275, 5.3754e-4
0.2311, 5.3751e-4
0.2347, 5.5289e-4
0.2383, 5.5286e-4
0.2419, 5.5284e-4
0.2455, 5.6822e-4
0.249, 5.6819e-4
0.2528, 5.8357e-4
0.2564, 5.8354e-4
0.26, 5.9892e-4
0.2636, 5.9889e-4
0.2671, 5.9887e-4
0.2708, 6.1425e-4
0.2744, 6.1422e-4
0.278, 6.1419e-4
0.2816, 6.2957e-4
0.2852, 6.2954e-4
0.2889, 6.4492e-4
0.2925, 6.449e-4
0.2961, 6.4487e-4
0.2997, 6.6025e-4
0.3033, 6.6022e-4
0.3069, 6.756e-4
0.3105, 6.7557e-4
0.3141, 6.7555e-4
0.3176, 6.9093e-4
0.3213, 6.909e-4
0.325, 7.0628e-4
0.3286, 7.0625e-4
0.3322, 7.0622e-4
0.3357, 7.216e-4
0.3394, 7.2158e-4
0.343, 7.3696e-4
0.3466, 7.3693e-4
0.3502, 7.369e-4
0.3538, 7.5228e-4
0.3574, 7.5225e-4
0.361, 7.5223e-4
0.3646, 7.6761e-4
0.3683, 7.6758e-4
0.3719, 7.6755e-4
0.3755, 7.8293e-4
0.3791, 7.829e-4
0.3827, 7.9828e-4
0.3862, 7.9826e-4
0.3899, 7.9823e-4
0.3935, 8.1361e-4
0.3971, 8.1358e-4
0.4007, 8.1355e-4
0.4043, 8.2893e-4
0.408, 8.2891e-4
0.4116, 8.4429e-4
0.4152, 8.4426e-4
0.4188, 8.4423e-4
0.4224, 8.5961e-4
0.426, 8.5958e-4
0.4296, 8.5956e-4
0.4332, 8.7494e-4
0.4368, 8.7491e-4
0.4404, 8.9029e-4
0.444, 8.9026e-4
0.4476, 8.9023e-4
0.4513, 9.0561e-4
0.4549, 9.0559e-4
0.4585, 9.0556e-4
0.4621, 9.2094e-4
0.4657, 9.2091e-4
0.4693, 9.2088e-4
0.4729, 9.3626e-4
0.4765, 9.3624e-4
0.4801, 9.5162e-4
0.4837, 9.5159e-4
0.4873, 9.5156e-4
0.491, 9.6694e-4
0.4946, 9.6691e-4
0.4982, 9.6689e-4
0.5018, 9.8227e-4
0.5053, 9.8224e-4
0.509, 9.9762e-4
0.5126, 9.9759e-4
0.5162, 1.013e-3
0.5198, 1.0129e-3
0.5234, 1.0129e-3
0.5271, 1.0283e-3
0.5307, 1.0283e-3
0.5343, 1.0282e-3
0.5379, 1.0436e-3
0.5415, 1.0436e-3
0.5451, 1.0436e-3
0.5487, 1.0589e-3
0.5523, 1.0589e-3
0.5558, 1.0589e-3
0.5594, 1.0743e-3
0.5631, 1.0742e-3
0.5667, 1.0742e-3
0.5704, 1.0896e-3
0.5739, 1.0896e-3
0.5776, 1.0895e-3
0.5812, 1.1049e-3
0.5848, 1.1049e-3
0.5884, 1.1049e-3
0.592, 1.1048e-3
0.5956, 1.1202e-3
0.5992, 1.1202e-3
0.6028, 1.1202e-3
0.6064, 1.1355e-3
0.6099, 1.1355e-3
0.6137, 1.1355e-3
0.6173, 1.1355e-3
0.6209, 1.1508e-3
0.6245, 1.1508e-3
0.628, 1.1508e-3
0.6317, 1.1662e-3
0.6353, 1.1661e-3
0.6389, 1.1661e-3
0.6425, 1.1661e-3
0.6461, 1.1815e-3
0.6497, 1.1814e-3
0.6533, 1.1814e-3
0.6569, 1.1814e-3
0.6606, 1.1968e-3
0.6642, 1.1967e-3
0.6678, 1.1967e-3
0.6714, 1.2121e-3
0.675, 1.2121e-3
0.6785, 1.212e-3
0.6822, 1.212e-3
0.6858, 1.2274e-3
0.6894, 1.2274e-3
0.693, 1.2273e-3
0.6966, 1.2273e-3
0.7002, 1.2427e-3
0.7039, 1.2427e-3
0.7075, 1.2426e-3
0.7111, 1.2426e-3
0.7147, 1.258e-3
0.7183, 1.2579e-3
0.7219, 1.2579e-3
0.7255, 1.2579e-3
0.729, 1.2733e-3
0.7327, 1.2732e-3
0.7363, 1.2732e-3
0.7399, 1.2732e-3
0.7435, 1.2886e-3
0.7471, 1.2885e-3
0.7507, 1.2885e-3
0.7544, 1.2885e-3
0.758, 1.3039e-3
0.7616, 1.3038e-3
0.7652, 1.3038e-3
0.7688, 1.3038e-3
0.7724, 1.3038e-3
0.776, 1.3191e-3
0.7795, 1.3191e-3
0.7832, 1.3191e-3
0.7868, 1.3191e-3
0.7904, 1.3344e-3
0.794, 1.3344e-3
0.7976, 1.3344e-3
0.8013, 1.3344e-3
0.8049, 1.3497e-3
0.8085, 1.3497e-3
0.8121, 1.3497e-3
0.8157, 1.3496e-3
0.8193, 1.365e-3
0.8229, 1.365e-3
0.8265, 1.365e-3
0.83, 1.3649e-3
0.8336, 1.3649e-3
0.8373, 1.3803e-3
0.8409, 1.3803e-3
0.8445, 1.3802e-3
0.8481, 1.3802e-3
0.8518, 1.3956e-3
0.8554, 1.3956e-3
0.859, 1.3955e-3
0.8626, 1.3955e-3
0.8662, 1.3955e-3
0.8698, 1.4109e-3
0.8734, 1.4108e-3
0.877, 1.4108e-3
0.8806, 1.4108e-3
0.8841, 1.4262e-3
0.8878, 1.4261e-3
0.8914, 1.4261e-3
0.895, 1.4261e-3
0.8986, 1.4261e-3
0.9022, 1.4414e-3
0.9059, 1.4414e-3
0.9095, 1.4414e-3
0.9131, 1.4413e-3
0.9167, 1.4567e-3
0.9203, 1.4567e-3
0.9239, 1.4567e-3
0.9275, 1.4566e-3
0.9311, 1.4566e-3
0.9346, 1.472e-3
0.9383, 1.472e-3
0.9419, 1.4719e-3
0.9455, 1.4719e-3
0.9492, 1.4873e-3
0.9527, 1.4873e-3
0.9564, 1.4872e-3
0.96, 1.4872e-3
0.9636, 1.4872e-3
0.9672, 1.5026e-3
0.9708, 1.5025e-3
0.9744, 1.5025e-3
0.978, 1.5025e-3
0.9816, 1.5025e-3
0.9851, 1.5178e-3
0.9888, 1.5178e-3
0.9924, 1.5178e-3
0.996, 1.5178e-3
0.9997, 1.5177e-3
1.0033, 1.5331e-3
1.0069, 1.5331e-3
1.0105, 1.533e-3
1.0141, 1.533e-3
1.0177, 1.5484e-3
1.0213, 1.5484e-3
1.0249, 1.5483e-3
1.0285, 1.5483e-3
1.0321, 1.5637e-3
1.0357, 1.5637e-3
1.0393, 1.5636e-3
1.0429, 1.5636e-3
1.0466, 1.579e-3
1.0502, 1.579e-3
1.0538, 1.5789e-3
1.0574, 1.5789e-3
1.061, 1.5943e-3
1.0646, 1.5943e-3
1.0682, 1.5942e-3
1.0718, 1.5942e-3
1.0754, 1.5942e-3
1.079, 1.6096e-3
1.0826, 1.6095e-3
1.0862, 1.6095e-3
1.0898, 1.6095e-3
1.0934, 1.6094e-3
1.0971, 1.6248e-3
1.1007, 1.6248e-3
1.1043, 1.6248e-3
1.1078, 1.6247e-3
1.1115, 1.6247e-3
1.1151, 1.6247e-3
1.1187, 1.6401e-3
1.1223, 1.64e-3
1.1259, 1.64e-3
1.1295, 1.64e-3
1.1331, 1.64e-3
1.1367, 1.6553e-3
1.1403, 1.6553e-3
1.1439, 1.6553e-3
1.1476, 1.6553e-3
1.1512, 1.6552e-3
1.1548, 1.6552e-3
1.1584, 1.6552e-3
1.162, 1.6706e-3
1.1656, 1.6705e-3
1.1692, 1.6705e-3
1.1728, 1.6705e-3
1.1764, 1.6704e-3
1.18, 1.6704e-3
1.1836, 1.6704e-3
1.1872, 1.6858e-3
1.1908, 1.6857e-3
1.1944, 1.6857e-3
1.198, 1.6857e-3
1.2016, 1.6857e-3
1.2053, 1.6856e-3
1.2089, 1.6856e-3
1.2125, 1.701e-3
1.2161, 1.701e-3
1.2197, 1.7009e-3
1.2233, 1.7009e-3
1.2269, 1.7009e-3
1.2305, 1.7008e-3
1.2341, 1.7008e-3
1.2377, 1.7008e-3
1.2413, 1.7162e-3
1.2449, 1.7161e-3
1.2485, 1.7161e-3
1.2521, 1.7161e-3
1.2557, 1.7161e-3
1.2593, 1.716e-3
1.263, 1.716e-3
1.2666, 1.716e-3
1.2702, 1.7314e-3
1.2738, 1.7313e-3
1.2774, 1.7313e-3
1.281, 1.7313e-3
1.2846, 1.7312e-3
1.2882, 1.7312e-3
1.2918, 1.7312e-3
1.2953, 1.7312e-3
1.299, 1.7465e-3
1.3026, 1.7465e-3
1.3062, 1.7465e-3
1.3098, 1.7465e-3
1.3134, 1.7464e-3
1.317, 1.7464e-3
1.3207, 1.7464e-3
1.3243, 1.7463e-3
1.3279, 1.7617e-3
1.3315, 1.7617e-3
1.3351, 1.7617e-3
1.3387, 1.7616e-3
1.3423, 1.7616e-3
1.3458, 1.7616e-3
1.3495, 1.7616e-3
1.3531, 1.7615e-3
1.3567, 1.7615e-3
1.3603, 1.7615e-3
1.3639, 1.7769e-3
1.3675, 1.7768e-3
1.3711, 1.7768e-3
1.3747, 1.7768e-3
1.3784, 1.7767e-3
1.382, 1.7767e-3
1.3856, 1.7767e-3
1.3892, 1.7767e-3
1.3928, 1.7766e-3
1.3963, 1.792e-3
1.4, 1.792e-3
1.4036, 1.792e-3
1.4072, 1.7919e-3
1.4108, 1.7919e-3
1.4144, 1.7919e-3
1.418, 1.7918e-3
1.4216, 1.7918e-3
1.4252, 1.7918e-3
1.4288, 1.7918e-3
1.4324, 1.8071e-3
1.4361, 1.8071e-3
1.4397, 1.8071e-3
1.4433, 1.8071e-3
1.4469, 1.807e-3
1.4505, 1.807e-3
1.4541, 1.807e-3
1.4577, 1.807e-3
1.4613, 1.8069e-3
1.4649, 1.8069e-3
1.4685, 1.8223e-3
1.4721, 1.8222e-3
1.4757, 1.8222e-3
1.4793, 1.8222e-3
1.4828, 1.8222e-3
1.4865, 1.8221e-3
1.4901, 1.8221e-3
1.4937, 1.8221e-3
1.4973, 1.8221e-3
1.501, 1.822e-3
1.5046, 1.8374e-3
1.5082, 1.8374e-3
1.5118, 1.8374e-3
1.5154, 1.8373e-3
1.519, 1.8373e-3
1.5226, 1.8373e-3
1.5262, 1.8372e-3
1.5298, 1.8372e-3
1.5333, 1.8372e-3
1.537, 1.8372e-3
1.5406, 1.8371e-3
1.5442, 1.8525e-3
1.5478, 1.8525e-3
1.5514, 1.8525e-3
1.555, 1.8524e-3
1.5587, 1.8524e-3
1.5623, 1.8524e-3
1.5659, 1.8523e-3
1.5695, 1.8523e-3
1.5731, 1.8523e-3
1.5767, 1.8523e-3
1.5803, 1.8522e-3
1.5838, 1.8676e-3
1.5875, 1.8676e-3
1.5911, 1.8676e-3
1.5947, 1.8675e-3
1.5983, 1.8675e-3
1.6019, 1.8675e-3
1.6055, 1.8674e-3
1.6091, 1.8674e-3
1.6127, 1.8674e-3
1.6162, 1.8674e-3
1.6199, 1.8673e-3
1.6236, 1.8673e-3
1.6272, 1.8827e-3
1.6308, 1.8827e-3
1.6343, 1.8826e-3
1.638, 1.8826e-3
1.6416, 1.8826e-3
1.6452, 1.8825e-3
1.6488, 1.8825e-3
1.6524, 1.8825e-3
1.656, 1.8825e-3
1.6596, 1.8824e-3
1.6632, 1.8824e-3
1.6667, 1.8978e-3
1.6703, 1.8978e-3
1.674, 1.8977e-3
1.6776, 1.8977e-3
1.6813, 1.8977e-3
1.6848, 1.8977e-3
1.6885, 1.8976e-3
1.6921, 1.8976e-3
1.6957, 1.8976e-3
1.6993, 1.8975e-3
1.7029, 1.8975e-3
1.7065, 1.8975e-3
1.7101, 1.8975e-3
1.7137, 1.9128e-3
1.7173, 1.9128e-3
1.7208, 1.9128e-3
1.7245, 1.9128e-3
1.7281, 1.9127e-3
1.7317, 1.9127e-3
1.7353, 1.9127e-3
1.7389, 1.9126e-3
1.7425, 1.9126e-3
1.7462, 1.9126e-3
1.7498, 1.9126e-3
1.7534, 1.9125e-3
1.757, 1.9279e-3
1.7606, 1.9279e-3
1.7642, 1.9279e-3
1.7678, 1.9278e-3
1.7713, 1.9278e-3
1.775, 1.9278e-3
1.7786, 1.9277e-3
1.7822, 1.9277e-3
1.7858, 1.9277e-3
1.7894, 1.9277e-3
1.793, 1.9276e-3
1.7966, 1.9276e-3
1.8002, 1.943e-3
1.8039, 1.943e-3
1.8075, 1.9429e-3
1.8111, 1.9429e-3
1.8147, 1.9429e-3
1.8183, 1.9428e-3
1.8218, 1.9428e-3
1.8255, 1.9428e-3
1.8291, 1.9428e-3
1.8327, 1.9427e-3
1.8363, 1.9427e-3
1.8399, 1.9427e-3
1.8435, 1.9427e-3
1.8471, 1.958e-3
1.8507, 1.958e-3
1.8542, 1.958e-3
1.8578, 1.958e-3
1.8615, 1.9579e-3
1.8651, 1.9579e-3
1.8688, 1.9579e-3
1.8723, 1.9578e-3
1.876, 1.9578e-3
1.8796, 1.9578e-3
1.8832, 1.9578e-3
1.8868, 1.9577e-3
1.8904, 1.9577e-3
1.894, 1.9577e-3
1.8976, 1.9731e-3
1.9012, 1.973e-3
1.9048, 1.973e-3
1.9083, 1.973e-3
1.912, 1.9729e-3
1.9156, 1.9729e-3
1.9192, 1.9729e-3
1.9228, 1.9729e-3
1.9264, 1.9728e-3
1.93, 1.9728e-3
1.9337, 1.9728e-3
1.9373, 1.9727e-3
1.9409, 1.9727e-3
1.9445, 1.9881e-3
1.9481, 1.9881e-3
1.9517, 1.988e-3
1.9553, 1.988e-3
1.9588, 1.988e-3
1.9625, 1.988e-3
1.9661, 1.9879e-3
1.9697, 1.9879e-3
1.9733, 1.9879e-3
1.9769, 1.9879e-3
1.9805, 1.9878e-3
1.9841, 1.9878e-3
1.9877, 1.9878e-3
1.9912, 1.9877e-3
1.995, 2.0031e-3
1.9986, 2.0031e-3
2.0022, 2.0031e-3
2.0058, 2.003e-3
2.0094, 2.003e-3
2.013, 2.003e-3
2.0166, 2.003e-3
2.0202, 2.0029e-3
2.0238, 2.0029e-3
2.0274, 2.0029e-3
2.031, 2.0028e-3
2.0346, 2.0028e-3
2.0382, 2.0028e-3
2.0418, 2.0028e-3
2.0454, 2.0181e-3
2.049, 2.0181e-3
2.0526, 2.0181e-3
2.0562, 2.0181e-3
2.0599, 2.018e-3
2.0635, 2.018e-3
2.0671, 2.018e-3
2.0707, 2.0179e-3
2.0743, 2.0179e-3
2.0779, 2.0179e-3
2.0815, 2.0179e-3
2.0851, 2.0178e-3
2.0887, 2.0178e-3
2.0923, 2.0178e-3
2.0959, 2.0332e-3
2.0995, 2.0331e-3
2.1031, 2.0331e-3
2.1067, 2.0331e-3
2.1103, 2.033e-3
2.1139, 2.033e-3
2.1175, 2.033e-3
2.1211, 2.033e-3
2.1248, 2.0329e-3
2.1284, 2.0329e-3
2.132, 2.0329e-3
2.1356, 2.0329e-3
2.1392, 2.0328e-3
2.1428, 2.0328e-3
2.1464, 2.0328e-3
2.15, 2.0482e-3
2.1536, 2.0481e-3
2.1572, 2.0481e-3
2.1608, 2.0481e-3
2.1644, 2.048e-3
2.168, 2.048e-3
2.1716, 2.048e-3
2.1752, 2.048e-3
2.1788, 2.0479e-3
2.1824, 2.0479e-3
2.186, 2.0479e-3
2.1897, 2.0478e-3
2.1933, 2.0478e-3
2.1969, 2.0478e-3
2.2005, 2.0478e-3
2.2041, 2.0631e-3
2.2077, 2.0631e-3
2.2113, 2.0631e-3
2.2149, 2.0631e-3
2.2185, 2.063e-3
2.2221, 2.063e-3
2.2257, 2.063e-3
2.2293, 2.0629e-3
2.2328, 2.0629e-3
2.2365, 2.0629e-3
2.2401, 2.0629e-3
2.2437, 2.0628e-3
2.2473, 2.0628e-3
2.2509, 2.0628e-3
2.2546, 2.0628e-3
2.2582, 2.0781e-3
2.2618, 2.0781e-3
2.2654, 2.0781e-3
2.269, 2.0781e-3
2.2726, 2.078e-3
2.2762, 2.078e-3
2.2798, 2.078e-3
2.2833, 2.0779e-3
2.287, 2.0779e-3
2.2906, 2.0779e-3
2.2942, 2.0779e-3
2.2978, 2.0778e-3
2.3014, 2.0778e-3
2.305, 2.0778e-3
2.3086, 2.0777e-3
2.3122, 2.0777e-3
2.3159, 2.0931e-3
2.3195, 2.0931e-3
2.3231, 2.093e-3
2.3267, 2.093e-3
2.3303, 2.093e-3
2.3338, 2.093e-3
2.3375, 2.0929e-3
2.3411, 2.0929e-3
2.3447, 2.0929e-3
2.3483, 2.0928e-3
2.3519, 2.0928e-3
2.3555, 2.0928e-3
2.3591, 2.0928e-3
2.3627, 2.0927e-3
2.3663, 2.0927e-3
2.3699, 2.1081e-3
2.3735, 2.1081e-3
2.3772, 2.108e-3
2.3808, 2.108e-3
2.3844, 2.108e-3
2.388, 2.108e-3
2.3916, 2.1079e-3
2.3952, 2.1079e-3
2.3988, 2.1079e-3
2.4024, 2.1078e-3
2.406, 2.1078e-3
2.4096, 2.1078e-3
2.4132, 2.1078e-3
2.4168, 2.1077e-3
2.4203, 2.1077e-3
2.424, 2.1077e-3
2.4276, 2.1231e-3
2.4312, 2.123e-3
2.4348, 2.123e-3
2.4384, 2.123e-3
2.442, 2.1229e-3
2.4457, 2.1229e-3
2.4493, 2.1229e-3
2.4529, 2.1229e-3
2.4565, 2.1228e-3
2.4601, 2.1228e-3
2.4637, 2.1228e-3
2.4673, 2.1227e-3
2.4708, 2.1227e-3
2.4745, 2.1227e-3
2.4781, 2.1227e-3
2.4817, 2.1226e-3
2.4853, 2.1226e-3
2.4889, 2.138e-3
2.4925, 2.138e-3
2.4961, 2.1379e-3
2.4997, 2.1379e-3
2.5032, 2.1379e-3
2.5069, 2.1379e-3
2.5106, 2.1378e-3
2.5142, 2.1378e-3
2.5178, 2.1378e-3
2.5213, 2.1377e-3
2.525, 2.1377e-3
2.5286, 2.1377e-3
2.5322, 2.1377e-3
2.5358, 2.1376e-3
2.5394, 2.1376e-3
2.543, 2.1376e-3
2.5466, 2.153e-3
2.5502, 2.1529e-3
2.5537, 2.1529e-3
2.5574, 2.1529e-3
2.561, 2.1528e-3
2.5646, 2.1528e-3
2.5682, 2.1528e-3
2.5718, 2.1528e-3
2.5755, 2.1527e-3
2.5791, 2.1527e-3
2.5827, 2.1527e-3
2.5863, 2.1526e-3
2.5899, 2.1526e-3
2.5935, 2.1526e-3
2.5971, 2.1526e-3
2.6007, 2.1525e-3
2.6042, 2.1525e-3
2.6078, 2.1679e-3
2.6115, 2.1679e-3
2.6151, 2.1678e-3
2.6187, 2.1678e-3
2.6223, 2.1678e-3
2.6259, 2.1678e-3
2.6295, 2.1677e-3
2.6331, 2.1677e-3
2.6367, 2.1677e-3
2.6404, 2.1676e-3
2.644, 2.1676e-3
2.6476, 2.1676e-3
2.6512, 2.1676e-3
2.6548, 2.1675e-3
2.6583, 2.1675e-3
2.662, 2.1675e-3
2.6656, 2.1674e-3
2.6692, 2.1828e-3
2.6728, 2.1828e-3
2.6764, 2.1828e-3
2.68, 2.1827e-3
2.6836, 2.1827e-3
2.6872, 2.1827e-3
2.6907, 2.1827e-3
2.6944, 2.1826e-3
2.698, 2.1826e-3
2.7016, 2.1826e-3
2.7053, 2.1825e-3
2.7088, 2.1825e-3
2.7125, 2.1825e-3
2.7161, 2.1825e-3
2.7197, 2.1824e-3
2.7233, 2.1824e-3
2.7269, 2.1824e-3
2.7305, 2.1824e-3
2.7341, 2.1977e-3
2.7377, 2.1977e-3
2.7412, 2.1977e-3
2.7449, 2.1977e-3
2.7485, 2.1976e-3
2.7521, 2.1976e-3
2.7557, 2.1976e-3
2.7593, 2.1975e-3
2.7629, 2.1975e-3
2.7665, 2.1975e-3
2.7701, 2.1975e-3
2.7738, 2.1974e-3
2.7774, 2.1974e-3
2.781, 2.1974e-3
2.7846, 2.1973e-3
2.7882, 2.1973e-3
2.7917, 2.1973e-3
2.7953, 2.2127e-3
2.799, 2.2126e-3
2.8026, 2.2126e-3
2.8062, 2.2126e-3
2.8098, 2.2126e-3
2.8134, 2.2125e-3
2.817, 2.2125e-3
2.8206, 2.2125e-3
2.8242, 2.2124e-3
2.8277, 2.2124e-3
2.8314, 2.2124e-3
2.835, 2.2124e-3
2.8387, 2.2123e-3
2.8423, 2.2123e-3
2.8458, 2.2123e-3
2.8495, 2.2123e-3
2.8531, 2.2122e-3
2.8567, 2.2122e-3
2.8603, 2.2276e-3
2.8639, 2.2276e-3
2.8675, 2.2275e-3
2.8711, 2.2275e-3
2.8747, 2.2275e-3
2.8782, 2.2274e-3
2.8819, 2.2274e-3
2.8855, 2.2274e-3
2.8891, 2.2274e-3
2.8927, 2.2273e-3
2.8963, 2.2273e-3
2.8999, 2.2273e-3
2.9036, 2.2272e-3
2.9072, 2.2272e-3
2.9108, 2.2272e-3
2.9144, 2.2272e-3
2.918, 2.2271e-3
2.9216, 2.2271e-3
2.9252, 2.2271e-3
2.9287, 2.2425e-3
2.9324, 2.2424e-3
2.936, 2.2424e-3
2.9396, 2.2424e-3
2.9432, 2.2423e-3
2.9468, 2.2423e-3
2.9504, 2.2423e-3
2.954, 2.2423e-3
2.9576, 2.2422e-3
2.9612, 2.2422e-3
2.9647, 2.2422e-3
2.9685, 2.2422e-3
2.9721, 2.2421e-3
2.9757, 2.2421e-3
2.9792, 2.2421e-3
2.9828, 2.242e-3
2.9865, 2.242e-3
2.9901, 2.242e-3
2.9937, 2.242e-3
2.9973, 2.2573e-3
3.0009, 2.2573e-3
3.0045, 2.2573e-3
3.0081, 2.2573e-3
3.0117, 2.2572e-3
3.0153, 2.2572e-3
3.0189, 2.2572e-3
3.0225, 2.2571e-3
3.0261, 2.2571e-3
3.0297, 2.2571e-3
3.0334, 2.2571e-3
3.037, 2.257e-3
3.0406, 2.257e-3
3.0442, 2.257e-3
3.0478, 2.257e-3
3.0514, 2.2569e-3
3.055, 2.2569e-3
3.0586, 2.2569e-3
3.0622, 2.2568e-3
3.0658, 2.2722e-3
3.0694, 2.2722e-3
3.073, 2.2722e-3
3.0766, 2.2721e-3
3.0802, 2.2721e-3
3.0838, 2.2721e-3
3.0874, 2.2721e-3
3.091, 2.272e-3
3.0946, 2.272e-3
3.0982, 2.272e-3
3.1019, 2.2719e-3
3.1055, 2.2719e-3
3.1091, 2.2719e-3
3.1127, 2.2719e-3
3.1163, 2.2718e-3
3.1199, 2.2718e-3
3.1235, 2.2718e-3
3.1271, 2.2717e-3
3.1307, 2.2717e-3
3.1343, 2.2871e-3
3.1379, 2.2871e-3
3.1415, 2.287e-3
3.1451, 2.287e-3
3.1487, 2.287e-3
3.1522, 2.287e-3
3.1559, 2.2869e-3
3.1595, 2.2869e-3
3.1631, 2.2869e-3
3.1668, 2.2869e-3
3.1703, 2.2868e-3
3.174, 2.2868e-3
3.1776, 2.2868e-3
3.1812, 2.2867e-3
3.1848, 2.2867e-3
3.1884, 2.2867e-3
3.192, 2.2867e-3
3.1956, 2.2866e-3
3.1992, 2.2866e-3
3.2028, 2.2866e-3
3.2064, 2.302e-3
3.21, 2.3019e-3
3.2136, 2.3019e-3
3.2172, 2.3019e-3
3.2208, 2.3018e-3
3.2244, 2.3018e-3
3.228, 2.3018e-3
3.2317, 2.3018e-3
3.2353, 2.3017e-3
3.2389, 2.3017e-3
3.2425, 2.3017e-3
3.2461, 2.3016e-3
3.2497, 2.3016e-3
3.2533, 2.3016e-3
3.2569, 2.3016e-3
3.2605, 2.3015e-3
3.2641, 2.3015e-3
3.2677, 2.3015e-3
3.2713, 2.3015e-3
3.2749, 2.3014e-3
3.2785, 2.3014e-3
3.2821, 2.3014e-3
3.2857, 2.3013e-3
3.2893, 2.3013e-3
3.2929, 2.3167e-3
3.2966, 2.3167e-3
3.3002, 2.3166e-3
3.3038, 2.3166e-3
3.3074, 2.3166e-3
3.311, 2.3166e-3
3.3146, 2.3165e-3
3.3182, 2.3165e-3
3.3218, 2.3165e-3
3.3254, 2.3164e-3
3.329, 2.3164e-3
3.3326, 2.3164e-3
3.3362, 2.3164e-3
3.3397, 2.3163e-3
3.3434, 2.3163e-3
3.347, 2.3163e-3
3.3506, 2.3163e-3
3.3542, 2.3162e-3
3.3578, 2.3162e-3
3.3614, 2.3162e-3
3.365, 2.3161e-3
3.3686, 2.3161e-3
3.3723, 2.3161e-3
3.3759, 2.3161e-3
3.3795, 2.316e-3
3.3831, 2.316e-3
3.3867, 2.3314e-3
3.3902, 2.3314e-3
3.3939, 2.3313e-3
3.3975, 2.3313e-3
3.4011, 2.3313e-3
3.4047, 2.3312e-3
3.4083, 2.3312e-3
3.4119, 2.3312e-3
3.4155, 2.3312e-3
3.4191, 2.3311e-3
3.4227, 2.3311e-3
3.4263, 2.3311e-3
3.4299, 2.331e-3
3.4335, 2.331e-3
3.4372, 2.331e-3
3.4408, 2.331e-3
3.4444, 2.3309e-3
3.448, 2.3309e-3
3.4516, 2.3309e-3
3.4552, 2.3309e-3
3.4588, 2.3308e-3
3.4624, 2.3308e-3
3.466, 2.3308e-3
3.4696, 2.3307e-3
3.4732, 2.3307e-3
3.4768, 2.3307e-3
3.4804, 2.3307e-3
3.484, 2.3306e-3
3.4876, 2.3306e-3
3.4912, 2.3306e-3
3.4948, 2.3305e-3
3.4984, 2.3305e-3
3.502, 2.3305e-3
3.5056, 2.3305e-3
3.5093, 2.3304e-3
3.5129, 2.3458e-3
3.5165, 2.3458e-3
3.5201, 2.3458e-3
3.5237, 2.3457e-3
3.5272, 2.3457e-3
3.5309, 2.3457e-3
3.5345, 2.3457e-3
3.5381, 2.3456e-3
3.5417, 2.3456e-3
3.5453, 2.3456e-3
3.5489, 2.3455e-3
3.5525, 2.3455e-3
3.5561, 2.3455e-3
3.5596, 2.3455e-3
3.5633, 2.3454e-3
3.5669, 2.3454e-3
3.5705, 2.3454e-3
3.5741, 2.3453e-3
3.5777, 2.3453e-3
3.5814, 2.3453e-3
3.585, 2.3453e-3
3.5886, 2.3452e-3
3.5922, 2.3452e-3
3.5958, 2.3452e-3
3.5994, 2.3452e-3
3.603, 2.3451e-3
3.6066, 2.3451e-3
3.6101, 2.3451e-3
3.6138, 2.345e-3
3.6174, 2.345e-3
3.621, 2.345e-3
3.6246, 2.345e-3
3.6282, 2.3449e-3
3.6318, 2.3449e-3
3.6354, 2.3449e-3
3.639, 2.3448e-3
3.6425, 2.3448e-3
3.6461, 2.3448e-3
3.6499, 2.3448e-3
3.6535, 2.3447e-3
3.6571, 2.3447e-3
3.6606, 2.3447e-3
3.6643, 2.3447e-3
3.6679, 2.3446e-3
3.6715, 2.3446e-3
3.6751, 2.3446e-3
3.6787, 2.3445e-3
3.6823, 2.3599e-3
3.6859, 2.3599e-3
3.6895, 2.3599e-3
3.6931, 2.3598e-3
3.6966, 2.3598e-3
3.7003, 2.3598e-3
3.7039, 2.3598e-3
3.7075, 2.3597e-3
3.7111, 2.3597e-3
3.7147, 2.3597e-3
3.7184, 2.3596e-3
3.722, 2.3596e-3
3.7256, 2.3596e-3
3.7292, 2.3596e-3
3.7328, 2.3595e-3
3.7364, 2.3595e-3
3.74, 2.3595e-3
3.7436, 2.3594e-3
3.7471, 2.3594e-3
3.7508, 2.3594e-3
3.7544, 2.3594e-3
3.758, 2.3593e-3
3.7616, 2.3593e-3
3.7652, 2.3593e-3
3.7688, 2.3593e-3
3.7724, 2.3592e-3
3.776, 2.3592e-3
3.7795, 2.3592e-3
3.7832, 2.3591e-3
3.7868, 2.3591e-3
3.7905, 2.3591e-3
3.7941, 2.3591e-3
3.7976, 2.359e-3
3.8013, 2.359e-3
3.8049, 2.359e-3
3.8085, 2.3589e-3
3.8121, 2.3589e-3
3.8157, 2.3589e-3
3.8193, 2.3589e-3
3.8229, 2.3588e-3
3.8265, 2.3588e-3
3.83, 2.3588e-3
3.8336, 2.3588e-3
3.8373, 2.3587e-3
3.8409, 2.3587e-3
3.8445, 2.3587e-3
3.8481, 2.3586e-3
3.8517, 2.3586e-3
3.8553, 2.3586e-3
3.8589, 2.3586e-3
3.8626, 2.3585e-3
3.8662, 2.3585e-3
3.8698, 2.3585e-3
3.8734, 2.3584e-3
3.877, 2.3584e-3
3.8806, 2.3584e-3
3.8841, 2.3584e-3
3.8878, 2.3583e-3
3.8914, 2.3583e-3
3.895, 2.3583e-3
3.8986, 2.3583e-3
3.9022, 2.3582e-3
3.9058, 2.3582e-3
3.9094, 2.3582e-3
3.913, 2.3581e-3
3.9165, 2.3581e-3
3.9202, 2.3581e-3
3.9238, 2.3581e-3
3.9274, 2.358e-3
3.931, 2.358e-3
3.9346, 2.358e-3
3.9383, 2.3579e-3
3.9419, 2.3579e-3
3.9455, 2.3579e-3
3.9491, 2.3579e-3
3.9527, 2.3578e-3
3.9563, 2.3578e-3
3.9599, 2.3578e-3
3.9635, 2.3578e-3
3.967, 2.3577e-3
3.9707, 2.3577e-3
3.9743, 2.3577e-3
3.9779, 2.3576e-3
3.9815, 2.3576e-3
3.9851, 2.3576e-3
3.9887, 2.3576e-3
3.9923, 2.3575e-3
3.9959, 2.3575e-3
3.9995, 2.3575e-3
4.0031, 2.3574e-3
4.0067, 2.3574e-3
4.0104, 2.3574e-3
4.014, 2.3574e-3
4.0176, 2.3573e-3
4.0212, 2.3573e-3
4.0248, 2.3573e-3
4.0284, 2.3573e-3
4.032, 2.3572e-3
4.0356, 2.3572e-3
4.0392, 2.3572e-3
4.0428, 2.3571e-3
4.0464, 2.3725e-3
4.05, 2.3725e-3
4.0536, 2.3725e-3
4.0572, 2.3724e-3
4.0608, 2.3724e-3
4.0644, 2.3724e-3
4.068, 2.3724e-3
4.0716, 2.3723e-3
4.0753, 2.3723e-3
4.0789, 2.3723e-3
4.0825, 2.3722e-3
4.0861, 2.3722e-3
4.0897, 2.3722e-3
4.0933, 2.3722e-3
4.0969, 2.3721e-3
4.1005, 2.3721e-3
4.1041, 2.3721e-3
4.1077, 2.3721e-3
4.1113, 2.372e-3
4.1149, 2.372e-3
4.1185, 2.372e-3
4.1221, 2.3719e-3
4.1257, 2.3719e-3
4.1293, 2.3719e-3
4.1329, 2.3719e-3
4.1365, 2.3718e-3
4.1401, 2.3718e-3
4.1437, 2.3718e-3
4.1473, 2.3717e-3
4.151, 2.3717e-3
4.1546, 2.3717e-3
4.1582, 2.3717e-3
4.1618, 2.3716e-3
4.1654, 2.3716e-3
4.169, 2.3716e-3
4.1726, 2.3716e-3
4.1762, 2.3715e-3
4.1798, 2.3715e-3
4.1834, 2.3715e-3
4.187, 2.3714e-3
4.1905, 2.3714e-3
4.1942, 2.3714e-3
4.1978, 2.3714e-3
4.2014, 2.3713e-3
4.205, 2.3713e-3
4.2086, 2.3713e-3
4.2122, 2.3712e-3
4.2158, 2.3712e-3
4.2194, 2.3712e-3
4.2231, 2.3712e-3
4.2267, 2.3711e-3
4.2303, 2.3711e-3
4.2339, 2.3711e-3
4.2375, 2.3711e-3
4.2411, 2.371e-3
4.2447, 2.371e-3
4.2483, 2.371e-3
4.2519, 2.3709e-3
4.2555, 2.3709e-3
4.2591, 2.3709e-3
4.2627, 2.3709e-3
4.2663, 2.3708e-3
4.2699, 2.3708e-3
4.2735, 2.3708e-3
4.2771, 2.3707e-3
4.2807, 2.3707e-3
4.2843, 2.3707e-3
4.2879, 2.3707e-3
4.2915, 2.3706e-3
4.2951, 2.3706e-3
4.2988, 2.3706e-3
4.3024, 2.3706e-3
4.306, 2.3705e-3
4.3096, 2.3705e-3
4.3132, 2.3705e-3
4.3168, 2.3704e-3
4.3204, 2.3704e-3
4.324, 2.3704e-3
4.3276, 2.3704e-3
4.3312, 2.3703e-3
4.3348, 2.3703e-3
4.3384, 2.3703e-3
4.342, 2.3702e-3
4.3456, 2.3702e-3
4.3492, 2.3702e-3
4.3528, 2.3702e-3
4.3564, 2.3701e-3
4.3599, 2.3701e-3
4.3636, 2.3701e-3
4.3672, 2.3701e-3
4.3709, 2.37e-3
4.3745, 2.37e-3
4.378, 2.37e-3
4.3817, 2.3699e-3
4.3853, 2.3699e-3
4.3889, 2.3699e-3
4.3925, 2.3699e-3
4.3961, 2.3698e-3
4.3997, 2.3698e-3
4.4033, 2.3698e-3
4.4069, 2.3697e-3
4.4104, 2.3697e-3
4.4141, 2.3697e-3
4.4177, 2.3697e-3
4.4213, 2.3696e-3
4.4249, 2.3696e-3
4.4285, 2.3696e-3
4.4321, 2.3696e-3
4.4357, 2.3695e-3
4.4393, 2.3695e-3
4.4429, 2.3695e-3
4.4466, 2.3694e-3
4.4502, 2.3694e-3
4.4538, 2.3694e-3
4.4574, 2.3694e-3
4.461, 2.3693e-3
4.4646, 2.3693e-3
4.4682, 2.3693e-3
4.4718, 2.3692e-3
4.4754, 2.3692e-3
4.479, 2.3692e-3
4.4826, 2.3692e-3
4.4862, 2.3691e-3
4.4898, 2.3691e-3
4.4934, 2.3691e-3
4.4969, 2.3691e-3
4.5006, 2.369e-3
4.5042, 2.369e-3
4.5078, 2.369e-3
4.5114, 2.3689e-3
4.515, 2.3689e-3
4.5187, 2.3689e-3
4.5223, 2.3689e-3
4.5259, 2.3688e-3
4.5295, 2.3688e-3
4.5331, 2.3534e-3
4.5367, 2.3533e-3
4.5403, 2.3533e-3
4.5439, 2.3533e-3
4.5474, 2.3533e-3
4.5511, 2.3532e-3
4.5547, 2.3532e-3
4.5583, 2.3532e-3
4.5619, 2.3531e-3
4.5655, 2.3531e-3
4.5691, 2.3531e-3
4.5727, 2.3531e-3
4.5763, 2.353e-3
4.5798, 2.353e-3
4.5835, 2.353e-3
4.5871, 2.3529e-3
4.5907, 2.3529e-3
4.5943, 2.3529e-3
4.5979, 2.3529e-3
4.6016, 2.3528e-3
4.6052, 2.3528e-3
4.6088, 2.3528e-3
4.6124, 2.3528e-3
4.616, 2.3527e-3
4.6196, 2.3527e-3
4.6232, 2.3527e-3
4.6268, 2.3526e-3
4.6303, 2.3526e-3
4.634, 2.3526e-3
4.6376, 2.3526e-3
4.6412, 2.3525e-3
4.6448, 2.3525e-3
4.6484, 2.3525e-3
4.652, 2.3524e-3
4.6556, 2.3524e-3
4.6592, 2.3524e-3
4.6627, 2.3524e-3
4.6663, 2.3523e-3
4.67, 2.3523e-3
4.6736, 2.3523e-3
4.6773, 2.3523e-3
4.6808, 2.3522e-3
4.6844, 2.3522e-3
4.6881, 2.3522e-3
4.6917, 2.3521e-3
4.6953, 2.3521e-3
4.6989, 2.3521e-3
4.7025, 2.3521e-3
4.7061, 2.352e-3
4.7097, 2.352e-3
4.7133, 2.352e-3
4.7168, 2.3519e-3
4.7205, 2.3519e-3
4.7241, 2.3519e-3
4.7277, 2.3519e-3
4.7313, 2.3518e-3
4.7349, 2.3518e-3
4.7385, 2.3518e-3
4.7421, 2.3518e-3
4.7457, 2.3517e-3
4.7494, 2.3517e-3
4.753, 2.3517e-3
4.7566, 2.3516e-3
4.7602, 2.3516e-3
4.7638, 2.3516e-3
4.7673, 2.3516e-3
4.771, 2.3515e-3
4.7746, 2.3515e-3
4.7782, 2.3515e-3
4.7818, 2.3514e-3
4.7854, 2.3514e-3
4.789, 2.3514e-3
4.7926, 2.3514e-3
4.7962, 2.3513e-3
4.7997, 2.3513e-3
4.8034, 2.3513e-3
4.807, 2.3513e-3
4.8106, 2.3512e-3
4.8142, 2.3512e-3
4.8178, 2.3512e-3
4.8214, 2.3511e-3
4.8251, 2.3511e-3
4.8287, 2.3511e-3
4.8323, 2.3511e-3
4.8359, 2.351e-3
4.8395, 2.351e-3
4.8431, 2.351e-3
4.8467, 2.351e-3
4.8502, 2.3509e-3
4.8538, 2.3509e-3
4.8575, 2.3509e-3
4.8611, 2.3508e-3
4.8647, 2.3508e-3
4.8683, 2.3508e-3
4.8719, 2.3508e-3
4.8755, 2.3507e-3
4.8791, 2.3507e-3
4.8827, 2.3507e-3
4.8862, 2.3506e-3
4.8899, 2.3506e-3
4.8935, 2.3506e-3
4.8971, 2.3352e-3
4.9007, 2.3351e-3
4.9043, 2.3351e-3
4.908, 2.3351e-3
4.9116, 2.335e-3
4.9152, 2.335e-3
4.9188, 2.335e-3
4.9224, 2.335e-3
4.926, 2.3349e-3
4.9296, 2.3349e-3
4.9332, 2.3349e-3
4.9367, 2.3348e-3
4.9404, 2.3348e-3
4.944, 2.3348e-3
4.9476, 2.3348e-3
4.9512, 2.3347e-3
4.9548, 2.3347e-3
4.9584, 2.3347e-3
4.962, 2.3347e-3
4.9656, 2.3346e-3
4.9691, 2.3346e-3
4.9727, 2.3346e-3
4.9764, 2.3345e-3
4.9801, 2.3345e-3
4.9837, 2.3345e-3
4.9872, 2.3345e-3
4.9909, 2.3344e-3
4.9945, 2.3344e-3
4.9981, 2.3344e-3
5.0017, 2.3343e-3
5.0053, 2.3343e-3
5.0089, 2.3343e-3
5.0125, 2.3343e-3
5.0161, 2.3342e-3
5.0197, 2.3342e-3
5.0233, 2.3342e-3
5.0269, 2.3342e-3
5.0305, 2.3341e-3
5.0341, 2.3341e-3
5.0377, 2.3341e-3
5.0413, 2.334e-3
5.0449, 2.334e-3
5.0485, 2.334e-3
5.0522, 2.334e-3
5.0558, 2.3339e-3
5.0594, 2.3339e-3
5.063, 2.3339e-3
5.0666, 2.3338e-3
5.0702, 2.3338e-3
5.0738, 2.3338e-3
5.0774, 2.3338e-3
5.081, 2.3337e-3
5.0846, 2.3337e-3
5.0882, 2.3337e-3
5.0918, 2.3337e-3
5.0954, 2.3336e-3
5.099, 2.3336e-3
5.1026, 2.3336e-3
5.1062, 2.3335e-3
5.1098, 2.3335e-3
5.1134, 2.3335e-3
5.117, 2.3335e-3
5.1206, 2.3334e-3
5.1242, 2.3334e-3
5.1278, 2.318e-3
5.1314, 2.3179e-3
5.1351, 2.3179e-3
5.1387, 2.3179e-3
5.1423, 2.3179e-3
5.1459, 2.3178e-3
5.1495, 2.3178e-3
5.1531, 2.3178e-3
5.1567, 2.3177e-3
5.1602, 2.3177e-3
5.1639, 2.3177e-3
5.1675, 2.3177e-3
5.1711, 2.3176e-3
5.1747, 2.3176e-3
5.1783, 2.3176e-3
5.1819, 2.3176e-3
5.1855, 2.3175e-3
5.1891, 2.3175e-3
5.1927, 2.3175e-3
5.1963, 2.3174e-3
5.1999, 2.3174e-3
5.2035, 2.3174e-3
5.2072, 2.3174e-3
5.2107, 2.3173e-3
5.2144, 2.3173e-3
5.218, 2.3173e-3
5.2216, 2.3172e-3
5.2252, 2.3172e-3
5.2288, 2.3172e-3
5.2324, 2.3172e-3
5.236, 2.3171e-3
5.2396, 2.3171e-3
5.2432, 2.3171e-3
5.2468, 2.3171e-3
5.2504, 2.317e-3
5.254, 2.317e-3
5.2576, 2.317e-3
5.2612, 2.3169e-3
5.2648, 2.3169e-3
5.2684, 2.3169e-3
5.272, 2.3169e-3
5.2756, 2.3168e-3
5.2792, 2.3168e-3
5.2829, 2.3168e-3
5.2865, 2.3167e-3
5.2901, 2.3167e-3
5.2937, 2.3013e-3
5.2973, 2.3013e-3
5.3009, 2.3012e-3
5.3045, 2.3012e-3
5.3081, 2.3012e-3
5.3117, 2.3011e-3
5.3153, 2.3011e-3
5.3189, 2.3011e-3
5.3225, 2.3011e-3
5.3261, 2.301e-3
5.3296, 2.301e-3
5.3333, 2.301e-3
5.3369, 2.3009e-3
5.3405, 2.3009e-3
5.3441, 2.3009e-3
5.3477, 2.3009e-3
5.3513, 2.3008e-3
5.3549, 2.3008e-3
5.3585, 2.3008e-3
5.362, 2.3008e-3
5.3658, 2.3007e-3
5.3694, 2.3007e-3
5.373, 2.3007e-3
5.3766, 2.3006e-3
5.3801, 2.3006e-3
5.3838, 2.3006e-3
5.3874, 2.3006e-3
5.391, 2.3005e-3
5.3946, 2.3005e-3
5.3982, 2.3005e-3
5.4018, 2.3004e-3
5.4054, 2.3004e-3
5.409, 2.3004e-3
5.4126, 2.3004e-3
5.4162, 2.3003e-3
5.4198, 2.3003e-3
5.4234, 2.3003e-3
5.427, 2.3003e-3
5.4306, 2.3002e-3
5.4342, 2.3002e-3
5.4379, 2.3002e-3
5.4415, 2.3001e-3
5.4451, 2.3001e-3
5.4487, 2.3001e-3
5.4523, 2.3001e-3
5.4559, 2.3e-3
5.4595, 2.3e-3
5.4631, 2.2846e-3
5.4667, 2.2845e-3
5.4703, 2.2845e-3
5.4739, 2.2845e-3
5.4775, 2.2845e-3
5.4811, 2.2844e-3
5.4847, 2.2844e-3
5.4883, 2.2844e-3
5.4919, 2.2843e-3
5.4955, 2.2843e-3
5.499, 2.2843e-3
5.5027, 2.2843e-3
5.5063, 2.2842e-3
5.5099, 2.2842e-3
5.5135, 2.2842e-3
5.5171, 2.2842e-3
5.5208, 2.2841e-3
5.5244, 2.2841e-3
5.528, 2.2841e-3
5.5316, 2.284e-3
5.5352, 2.284e-3
5.5388, 2.284e-3
5.5424, 2.284e-3
5.546, 2.2839e-3
5.5495, 2.2839e-3
5.5532, 2.2839e-3
5.5568, 2.2838e-3
5.5604, 2.2838e-3
5.564, 2.2838e-3
5.5676, 2.2838e-3
5.5712, 2.2837e-3
5.5748, 2.2837e-3
5.5784, 2.2837e-3
5.5819, 2.2837e-3
5.5856, 2.2836e-3
5.5892, 2.2836e-3
5.5929, 2.2836e-3
5.5965, 2.2835e-3
5.6, 2.2835e-3
5.6037, 2.2835e-3
5.6073, 2.2835e-3
5.6109, 2.2834e-3
5.6145, 2.2834e-3
5.6181, 2.2834e-3
5.6217, 2.2833e-3
5.6253, 2.2833e-3
5.6289, 2.2833e-3
5.6324, 2.2833e-3
5.636, 2.2832e-3
5.6397, 2.2832e-3
5.6433, 2.2832e-3
5.6469, 2.2832e-3
5.6505, 2.2831e-3
5.6541, 2.2831e-3
5.6577, 2.2831e-3
5.6613, 2.283e-3
5.6649, 2.283e-3
5.6686, 2.283e-3
5.6722, 2.283e-3
5.6758, 2.2829e-3
5.6794, 2.2829e-3
5.683, 2.2829e-3
5.6865, 2.2828e-3
5.6902, 2.2828e-3
5.6938, 2.2828e-3
5.6974, 2.2674e-3
5.701, 2.2673e-3
5.7046, 2.2673e-3
5.7082, 2.2673e-3
5.7118, 2.2672e-3
5.7154, 2.2672e-3
5.7189, 2.2672e-3
5.7226, 2.2672e-3
5.7262, 2.2671e-3
5.7298, 2.2671e-3
5.7334, 2.2671e-3
5.737, 2.267e-3
5.7406, 2.267e-3
5.7442, 2.267e-3
5.7478, 2.267e-3
5.7515, 2.2669e-3
5.7551, 2.2669e-3
5.7587, 2.2669e-3
5.7623, 2.2669e-3
5.7659, 2.2668e-3
5.7694, 2.2668e-3
5.7731, 2.2668e-3
5.7767, 2.2667e-3
5.7803, 2.2667e-3
5.7839, 2.2667e-3
5.7875, 2.2667e-3
5.7911, 2.2666e-3
5.7947, 2.2666e-3
5.7983, 2.2666e-3
5.8018, 2.2665e-3
5.8054, 2.2665e-3
5.8091, 2.2665e-3
5.8127, 2.2665e-3
5.8163, 2.2664e-3
5.8199, 2.2664e-3
5.8235, 2.2664e-3
5.8272, 2.2664e-3
5.8308, 2.2663e-3
5.8344, 2.2663e-3
5.838, 2.2663e-3
5.8416, 2.2662e-3
5.8452, 2.2662e-3
5.8488, 2.2662e-3
5.8524, 2.2662e-3
5.8559, 2.2661e-3
5.8596, 2.2661e-3
5.8632, 2.2661e-3
5.8668, 2.266e-3
5.8704, 2.266e-3
5.874, 2.266e-3
5.8776, 2.266e-3
5.8812, 2.2659e-3
5.8848, 2.2659e-3
5.8883, 2.2659e-3
5.892, 2.2659e-3
5.8956, 2.2658e-3
5.8993, 2.2658e-3
5.9029, 2.2658e-3
5.9064, 2.2657e-3
5.9101, 2.2657e-3
5.9137, 2.2657e-3
5.9173, 2.2657e-3
5.9209, 2.2656e-3
5.9245, 2.2656e-3
5.9281, 2.2656e-3
5.9317, 2.2655e-3
5.9353, 2.2655e-3
5.9388, 2.2655e-3
5.9425, 2.2655e-3
5.9461, 2.2654e-3
5.9497, 2.2654e-3
5.9533, 2.2654e-3
5.9569, 2.2654e-3
5.9605, 2.2653e-3
5.9641, 2.2653e-3
5.9677, 2.2653e-3
5.9714, 2.2652e-3
5.975, 2.2652e-3
5.9786, 2.2652e-3
5.9822, 2.2652e-3
5.9858, 2.2651e-3
5.9893, 2.2651e-3
5.9929, 2.2497e-3
5.9966, 2.2496e-3
6.0002, 2.2496e-3
6.0038, 2.2496e-3
6.0074, 2.2496e-3
6.011, 2.2495e-3
6.0146, 2.2495e-3
6.0182, 2.2495e-3
6.0218, 2.2494e-3
6.0254, 2.2494e-3
6.029, 2.2494e-3
6.0326, 2.2494e-3
6.0362, 2.2493e-3
6.0398, 2.2493e-3
6.0434, 2.2493e-3
6.047, 2.2493e-3
6.0506, 2.2492e-3
6.0543, 2.2492e-3
6.0579, 2.2492e-3
6.0615, 2.2491e-3
6.0651, 2.2491e-3
6.0687, 2.2491e-3
6.0723, 2.2491e-3
6.0759, 2.249e-3
6.0795, 2.249e-3
6.0831, 2.249e-3
6.0867, 2.2489e-3
6.0903, 2.2489e-3
6.0939, 2.2489e-3
6.0975, 2.2489e-3
6.1011, 2.2488e-3
6.1047, 2.2488e-3
6.1083, 2.2488e-3
6.1118, 2.2488e-3
6.1155, 2.2487e-3
6.1191, 2.2487e-3
6.1227, 2.2487e-3
6.1264, 2.2486e-3
6.13, 2.2486e-3
6.1336, 2.2486e-3
6.1372, 2.2486e-3
6.1408, 2.2485e-3
6.1444, 2.2485e-3
6.148, 2.2485e-3
6.1516, 2.2484e-3
6.1552, 2.2484e-3
6.1588, 2.2484e-3
6.1623, 2.2484e-3
6.166, 2.2483e-3
6.1696, 2.2483e-3
6.1732, 2.2483e-3
6.1768, 2.2483e-3
6.1804, 2.2482e-3
6.184, 2.2482e-3
6.1876, 2.2482e-3
6.1912, 2.2481e-3
6.1948, 2.2481e-3
6.1984, 2.2481e-3
6.2021, 2.2481e-3
6.2057, 2.248e-3
6.2093, 2.248e-3
6.2129, 2.248e-3
6.2165, 2.2479e-3
6.2201, 2.2479e-3
6.2237, 2.2479e-3
6.2273, 2.2479e-3
6.2309, 2.2478e-3
6.2345, 2.2478e-3
6.2381, 2.2478e-3
6.2417, 2.2478e-3
6.2453, 2.2477e-3
6.2489, 2.2477e-3
6.2525, 2.2477e-3
6.2561, 2.2476e-3
6.2597, 2.2476e-3
6.2633, 2.2476e-3
6.2669, 2.2476e-3
6.2705, 2.2475e-3
6.2742, 2.2475e-3
6.2778, 2.2475e-3
6.2814, 2.2474e-3
6.285, 2.2474e-3
6.2886, 2.2474e-3
6.2922, 2.232e-3
6.2958, 2.2319e-3
6.2993, 2.2319e-3
6.303, 2.2319e-3
6.3066, 2.2318e-3
6.3102, 2.2318e-3
6.3138, 2.2318e-3
6.3174, 2.2318e-3
6.321, 2.2317e-3
6.3246, 2.2317e-3
6.3282, 2.2317e-3
6.3317, 2.2317e-3
6.3354, 2.2316e-3
6.339, 2.2316e-3
6.3426, 2.2316e-3
6.3462, 2.2315e-3
6.3498, 2.2315e-3
6.3534, 2.2315e-3
6.3571, 2.2315e-3
6.3607, 2.2314e-3
6.3643, 2.2314e-3
6.3679, 2.2314e-3
6.3715, 2.2313e-3
6.3751, 2.2313e-3
6.3787, 2.2313e-3
6.3822, 2.2313e-3
6.3859, 2.2312e-3
6.3895, 2.2312e-3
6.3931, 2.2312e-3
6.3967, 2.2312e-3
6.4003, 2.2311e-3
6.4039, 2.2311e-3
6.4075, 2.2311e-3
6.4111, 2.231e-3
6.4147, 2.231e-3
6.4183, 2.231e-3
6.4219, 2.231e-3
6.4255, 2.2309e-3
6.4291, 2.2309e-3
6.4328, 2.2309e-3
6.4364, 2.2308e-3
6.44, 2.2308e-3
6.4436, 2.2308e-3
6.4472, 2.2308e-3
6.4508, 2.2307e-3
6.4544, 2.2307e-3
6.458, 2.2307e-3
6.4616, 2.2307e-3
6.4652, 2.2306e-3
6.4687, 2.2306e-3
6.4724, 2.2306e-3
6.476, 2.2151e-3
6.4796, 2.2151e-3
6.4832, 2.2151e-3
6.4868, 2.215e-3
6.4904, 2.215e-3
6.494, 2.215e-3
6.4976, 2.215e-3
6.5011, 2.2149e-3
6.5048, 2.2149e-3
6.5084, 2.2149e-3
6.5121, 2.2149e-3
6.5157, 2.2148e-3
6.5192, 2.2148e-3
6.5229, 2.2148e-3
6.5265, 2.2147e-3
6.5301, 2.2147e-3
6.5337, 2.2147e-3
6.5373, 2.2147e-3
6.5409, 2.2146e-3
6.5445, 2.2146e-3
6.5481, 2.2146e-3
6.5516, 2.2145e-3
6.5553, 2.2145e-3
6.5589, 2.2145e-3
6.5625, 2.2145e-3
6.5661, 2.2144e-3
6.5697, 2.2144e-3
6.5733, 2.2144e-3
6.5769, 2.2144e-3
6.5805, 2.2143e-3
6.584, 2.2143e-3
6.5878, 2.2143e-3
6.5914, 2.2142e-3
6.595, 2.2142e-3
6.5986, 2.2142e-3
6.6021, 2.2142e-3
6.6058, 2.2141e-3
6.6094, 2.2141e-3
6.613, 2.2141e-3
6.6166, 2.214e-3
6.6202, 2.214e-3
6.6238, 2.214e-3
6.6274, 2.214e-3
6.631, 2.2139e-3
6.6346, 2.2139e-3
6.6381, 2.2139e-3
6.6418, 2.2139e-3
6.6454, 2.2138e-3
6.649, 2.2138e-3
6.6526, 2.2138e-3
6.6562, 2.2137e-3
6.6599, 2.2137e-3
6.6635, 2.2137e-3
6.6671, 2.2137e-3
6.6707, 2.2136e-3
6.6743, 2.2136e-3
6.6779, 2.2136e-3
6.6815, 2.2135e-3
6.6851, 2.2135e-3
6.6886, 2.2135e-3
6.6923, 2.2135e-3
6.6959, 2.2134e-3
6.6995, 2.2134e-3
6.7031, 2.2134e-3
6.7067, 2.2134e-3
6.7103, 2.1979e-3
6.7139, 2.1979e-3
6.7175, 2.1979e-3
6.721, 2.1978e-3
6.7247, 2.1978e-3
6.7283, 2.1978e-3
6.7319, 2.1978e-3
6.7355, 2.1977e-3
6.7391, 2.1977e-3
6.7428, 2.1977e-3
6.7464, 2.1976e-3
6.75, 2.1976e-3
6.7536, 2.1976e-3
6.7572, 2.1976e-3
6.7608, 2.1975e-3
6.7644, 2.1975e-3
6.768, 2.1975e-3
6.7715, 2.1974e-3
6.7752, 2.1974e-3
6.7788, 2.1974e-3
6.7824, 2.1974e-3
6.786, 2.1973e-3
6.7896, 2.1973e-3
6.7932, 2.1973e-3
6.7968, 2.1973e-3
6.8004, 2.1972e-3
6.804, 2.1972e-3
6.8075, 2.1972e-3
6.8112, 2.1971e-3
6.8149, 2.1971e-3
6.8185, 2.1971e-3
6.8221, 2.1971e-3
6.8256, 2.197e-3
6.8293, 2.197e-3
6.8329, 2.197e-3
6.8365, 2.1969e-3
6.8401, 2.1969e-3
6.8437, 2.1969e-3
6.8473, 2.1969e-3
6.8509, 2.1968e-3
6.8545, 2.1968e-3
6.858, 2.1968e-3
6.8617, 2.1968e-3
6.8653, 2.1967e-3
6.8689, 2.1967e-3
6.8725, 2.1967e-3
6.8761, 2.1966e-3
6.8797, 2.1966e-3
6.8833, 2.1966e-3
6.8869, 2.1966e-3
6.8906, 2.1965e-3
6.8942, 2.1965e-3
6.8978, 2.1965e-3
6.9014, 2.1964e-3
6.905, 2.1964e-3
6.9085, 2.1964e-3
6.9122, 2.1964e-3
6.9158, 2.1963e-3
6.9194, 2.1963e-3
6.923, 2.1963e-3
6.9266, 2.1963e-3
6.9302, 2.1962e-3
6.9338, 2.1962e-3
6.9374, 2.1808e-3
6.9409, 2.1807e-3
6.9445, 2.1807e-3
6.9482, 2.1807e-3
6.9518, 2.1806e-3
6.9554, 2.1806e-3
6.959, 2.1806e-3
6.9626, 2.1806e-3
6.9662, 2.1805e-3
6.9698, 2.1805e-3
6.9735, 2.1805e-3
6.9771, 2.1805e-3
6.9807, 2.1804e-3
6.9843, 2.1804e-3
6.9879, 2.1804e-3
6.9915, 2.1803e-3
6.995, 2.1803e-3
6.9987, 2.1803e-3
7.0023, 2.1803e-3
7.0059, 2.1802e-3
7.0095, 2.1802e-3
7.0131, 2.1802e-3
7.0167, 2.1801e-3
7.0203, 2.1801e-3
7.0239, 2.1801e-3
7.0275, 2.1801e-3
7.0311, 2.18e-3
7.0347, 2.18e-3
7.0383, 2.18e-3
7.0419, 2.18e-3
7.0456, 2.1799e-3
7.0492, 2.1799e-3
7.0528, 2.1799e-3
7.0564, 2.1798e-3
7.06, 2.1798e-3
7.0636, 2.1798e-3
7.0672, 2.1798e-3
7.0708, 2.1797e-3
7.0744, 2.1797e-3
7.078, 2.1797e-3
7.0816, 2.1796e-3
7.0852, 2.1796e-3
7.0888, 2.1796e-3
7.0924, 2.1796e-3
7.096, 2.1795e-3
7.0996, 2.1795e-3
7.1032, 2.1795e-3
7.1068, 2.1795e-3
7.1104, 2.1794e-3
7.114, 2.1794e-3
7.1176, 2.1794e-3
7.1213, 2.1793e-3
7.1249, 2.1793e-3
7.1285, 2.1793e-3
7.132, 2.1793e-3
7.1357, 2.1792e-3
7.1393, 2.1792e-3
7.1429, 2.1792e-3
7.1465, 2.1791e-3
7.1501, 2.1791e-3
7.1537, 2.1791e-3
7.1573, 2.1791e-3
7.1609, 2.1636e-3
7.1645, 2.1636e-3
7.1681, 2.1636e-3
7.1717, 2.1635e-3
7.1753, 2.1635e-3
7.1789, 2.1635e-3
7.1825, 2.1635e-3
7.1861, 2.1634e-3
7.1897, 2.1634e-3
7.1933, 2.1634e-3
7.1969, 2.1634e-3
7.2006, 2.1633e-3
7.2042, 2.1633e-3
7.2078, 2.1633e-3
7.2114, 2.1632e-3
7.215, 2.1632e-3
7.2186, 2.1632e-3
7.2222, 2.1632e-3
7.2258, 2.1631e-3
7.2294, 2.1631e-3
7.233, 2.1631e-3
7.2366, 2.163e-3
7.2402, 2.163e-3
7.2438, 2.163e-3
7.2474, 2.163e-3
7.251, 2.1629e-3
7.2546, 2.1629e-3
7.2582, 2.1629e-3
7.2618, 2.1629e-3
7.2654, 2.1628e-3
7.269, 2.1628e-3
7.2726, 2.1628e-3
7.2763, 2.1627e-3
7.2799, 2.1627e-3
7.2835, 2.1627e-3
7.2871, 2.1627e-3
7.2907, 2.1626e-3
7.2943, 2.1626e-3
7.2979, 2.1626e-3
7.3014, 2.1625e-3
7.3051, 2.1625e-3
7.3087, 2.1625e-3
7.3123, 2.1625e-3
7.3159, 2.1624e-3
7.3195, 2.1624e-3
7.3231, 2.1624e-3
7.3267, 2.1624e-3
7.3303, 2.1623e-3
7.3338, 2.1623e-3
7.3375, 2.1623e-3
7.3411, 2.1622e-3
7.3447, 2.1622e-3
7.3484, 2.1622e-3
7.3519, 2.1622e-3
7.3556, 2.1621e-3
7.3592, 2.1621e-3
7.3628, 2.1621e-3
7.3664, 2.162e-3
7.37, 2.162e-3
7.3736, 2.162e-3
7.3772, 2.162e-3
7.3808, 2.1619e-3
7.3844, 2.1465e-3
7.388, 2.1465e-3
7.3916, 2.1464e-3
7.3952, 2.1464e-3
7.3988, 2.1464e-3
7.4024, 2.1464e-3
7.406, 2.1463e-3
7.4096, 2.1463e-3
7.4132, 2.1463e-3
7.4168, 2.1462e-3
7.4203, 2.1462e-3
7.424, 2.1462e-3
7.4276, 2.1462e-3
7.4313, 2.1461e-3
7.4349, 2.1461e-3
7.4385, 2.1461e-3
7.4421, 2.1461e-3
7.4457, 2.146e-3
7.4493, 2.146e-3
7.4529, 2.146e-3
7.4565, 2.1459e-3
7.4601, 2.1459e-3
7.4637, 2.1459e-3
7.4673, 2.1459e-3
7.4708, 2.1458e-3
7.4745, 2.1458e-3
7.4781, 2.1458e-3
7.4817, 2.1457e-3
7.4853, 2.1457e-3
7.4889, 2.1457e-3
7.4925, 2.1457e-3
7.4961, 2.1456e-3
7.4997, 2.1456e-3
7.5032, 2.1456e-3
7.507, 2.1456e-3
7.5106, 2.1455e-3
7.5142, 2.1455e-3
7.5178, 2.1455e-3
7.5213, 2.1454e-3
7.525, 2.1454e-3
7.5286, 2.1454e-3
7.5322, 2.1454e-3
7.5358, 2.1453e-3
7.5394, 2.1453e-3
7.543, 2.1453e-3
7.5466, 2.1452e-3
7.5502, 2.1452e-3
7.5537, 2.1452e-3
7.5574, 2.1452e-3
7.561, 2.1451e-3
7.5646, 2.1451e-3
7.5682, 2.1451e-3
7.5718, 2.1451e-3
7.5754, 2.145e-3
7.5791, 2.145e-3
7.5827, 2.145e-3
7.5863, 2.1449e-3
7.5899, 2.1449e-3
7.5935, 2.1449e-3
7.5971, 2.1449e-3
7.6007, 2.1294e-3
7.6042, 2.1294e-3
7.6078, 2.1294e-3
7.6115, 2.1293e-3
7.6151, 2.1293e-3
7.6187, 2.1293e-3
7.6223, 2.1293e-3
7.6259, 2.1292e-3
7.6295, 2.1292e-3
7.6331, 2.1292e-3
7.6367, 2.1291e-3
7.6402, 2.1291e-3
7.6439, 2.1291e-3
7.6475, 2.1291e-3
7.6511, 2.129e-3
7.6547, 2.129e-3
7.6583, 2.129e-3
7.662, 2.129e-3
7.6656, 2.1289e-3
7.6692, 2.1289e-3
7.6728, 2.1289e-3
7.6764, 2.1288e-3
7.68, 2.1288e-3
7.6836, 2.1288e-3
7.6872, 2.1288e-3
7.6907, 2.1287e-3
7.6944, 2.1287e-3
7.698, 2.1287e-3
7.7016, 2.1286e-3
7.7052, 2.1286e-3
7.7088, 2.1286e-3
7.7124, 2.1286e-3
7.716, 2.1285e-3
7.7196, 2.1285e-3
7.7231, 2.1285e-3
7.7268, 2.1285e-3
7.7304, 2.1284e-3
7.7341, 2.1284e-3
7.7377, 2.1284e-3
7.7412, 2.1283e-3
7.7449, 2.1283e-3
7.7485, 2.1283e-3
7.7521, 2.1283e-3
7.7557, 2.1282e-3
7.7593, 2.1282e-3
7.7629, 2.1282e-3
7.7665, 2.1281e-3
7.7701, 2.1281e-3
7.7737, 2.1281e-3
7.7772, 2.1281e-3
7.7809, 2.128e-3
7.7845, 2.128e-3
7.7881, 2.128e-3
7.7917, 2.128e-3
7.7953, 2.1279e-3
7.7989, 2.1279e-3
7.8025, 2.1279e-3
7.8061, 2.1278e-3
7.8098, 2.1278e-3
7.8134, 2.1278e-3
7.817, 2.1124e-3
7.8206, 2.1123e-3
7.8242, 2.1123e-3
7.8277, 2.1123e-3
7.8314, 2.1122e-3
7.835, 2.1122e-3
7.8386, 2.1122e-3
7.8422, 2.1122e-3
7.8458, 2.1121e-3
7.8494, 2.1121e-3
7.853, 2.1121e-3
7.8566, 2.112e-3
7.8601, 2.112e-3
7.8638, 2.112e-3
7.8674, 2.112e-3
7.871, 2.1119e-3
7.8746, 2.1119e-3
7.8782, 2.1119e-3
7.8818, 2.1119e-3
7.8854, 2.1118e-3
7.889, 2.1118e-3
7.8927, 2.1118e-3
7.8963, 2.1117e-3
7.8999, 2.1117e-3
7.9035, 2.1117e-3
7.9071, 2.1117e-3
7.9106, 2.1116e-3
7.9143, 2.1116e-3
7.9179, 2.1116e-3
7.9215, 2.1115e-3
7.9251, 2.1115e-3
7.9287, 2.1115e-3
7.9323, 2.1115e-3
7.9359, 2.1114e-3
7.9395, 2.1114e-3
7.9431, 2.1114e-3
7.9466, 2.1114e-3
7.9503, 2.1113e-3
7.9539, 2.1113e-3
7.9575, 2.1113e-3
7.9611, 2.1112e-3
7.9647, 2.1112e-3
7.9684, 2.1112e-3
7.972, 2.1112e-3
7.9756, 2.1111e-3
7.9792, 2.1111e-3
7.9828, 2.1111e-3
7.9864, 2.111e-3
7.99, 2.111e-3
7.9936, 2.111e-3
7.9971, 2.111e-3
8.0008, 2.1109e-3
8.0044, 2.1109e-3
8.008, 2.1109e-3
8.0116, 2.1109e-3
8.0152, 2.1108e-3
8.0188, 2.1108e-3
8.0224, 2.1108e-3
8.026, 2.1107e-3
8.0296, 2.1107e-3
8.0332, 2.0953e-3
8.0368, 2.0952e-3
8.0404, 2.0952e-3
8.044, 2.0952e-3
8.0477, 2.0952e-3
8.0513, 2.0951e-3
8.0549, 2.0951e-3
8.0585, 2.0951e-3
8.0621, 2.0951e-3
8.0657, 2.095e-3
8.0693, 2.095e-3
8.0729, 2.095e-3
8.0765, 2.0949e-3
8.0801, 2.0949e-3
8.0836, 2.0949e-3
8.0873, 2.0949e-3
8.0909, 2.0948e-3
8.0945, 2.0948e-3
8.0981, 2.0948e-3
8.1017, 2.0947e-3
8.1053, 2.0947e-3
8.1089, 2.0947e-3
8.1125, 2.0947e-3
8.1161, 2.0946e-3
8.1198, 2.0946e-3
8.1234, 2.0946e-3
8.127, 2.0946e-3
8.1306, 2.0945e-3
8.1342, 2.0945e-3
8.1378, 2.0945e-3
8.1414, 2.0944e-3
8.145, 2.0944e-3
8.1486, 2.0944e-3
8.1522, 2.0944e-3
8.1558, 2.0943e-3
8.1594, 2.0943e-3
8.163, 2.0943e-3
8.1666, 2.0942e-3
8.1702, 2.0942e-3
8.1738, 2.0942e-3
8.1774, 2.0942e-3
8.181, 2.0941e-3
8.1846, 2.0941e-3
8.1882, 2.0941e-3
8.1918, 2.0941e-3
8.1955, 2.094e-3
8.1991, 2.094e-3
8.2027, 2.094e-3
8.2063, 2.0939e-3
8.2099, 2.0939e-3
8.2135, 2.0939e-3
8.2171, 2.0939e-3
8.2207, 2.0938e-3
8.2243, 2.0938e-3
8.2279, 2.0938e-3
8.2315, 2.0937e-3
8.2351, 2.0937e-3
8.2387, 2.0937e-3
8.2423, 2.0783e-3
8.2459, 2.0782e-3
8.2495, 2.0782e-3
8.253, 2.0782e-3
8.2567, 2.0781e-3
8.2603, 2.0781e-3
8.2639, 2.0781e-3
8.2675, 2.0781e-3
8.2711, 2.078e-3
8.2747, 2.078e-3
8.2784, 2.078e-3
8.282, 2.078e-3
8.2856, 2.0779e-3
8.2892, 2.0779e-3
8.2928, 2.0779e-3
8.2964, 2.0778e-3
8.3, 2.0778e-3
8.3035, 2.0778e-3
8.3072, 2.0778e-3
8.3108, 2.0777e-3
8.3144, 2.0777e-3
8.318, 2.0777e-3
8.3216, 2.0776e-3
8.3252, 2.0776e-3
8.3288, 2.0776e-3
8.3324, 2.0776e-3
8.336, 2.0775e-3
8.3396, 2.0775e-3
8.3432, 2.0775e-3
8.3468, 2.0775e-3
8.3505, 2.0774e-3
8.3541, 2.0774e-3
8.3577, 2.0774e-3
8.3613, 2.0773e-3
8.3649, 2.0773e-3
8.3685, 2.0773e-3
8.3721, 2.0773e-3
8.3757, 2.0772e-3
8.3793, 2.0772e-3
8.3829, 2.0772e-3
8.3865, 2.0771e-3
8.3901, 2.0771e-3
8.3937, 2.0771e-3
8.3973, 2.0771e-3
8.4009, 2.077e-3
8.4045, 2.077e-3
8.4081, 2.077e-3
8.4117, 2.077e-3
8.4153, 2.0769e-3
8.4189, 2.0769e-3
8.4226, 2.0769e-3
8.4262, 2.0768e-3
8.4298, 2.0768e-3
8.4334, 2.0768e-3
8.437, 2.0768e-3
8.4405, 2.0767e-3
8.4442, 2.0767e-3
8.4478, 2.0767e-3
8.4514, 2.0612e-3
8.455, 2.0612e-3
8.4586, 2.0612e-3
8.4622, 2.0612e-3
8.4658, 2.0611e-3
8.4694, 2.0611e-3
8.4729, 2.0611e-3
8.4766, 2.061e-3
8.4802, 2.061e-3
8.4838, 2.061e-3
8.4874, 2.061e-3
8.491, 2.0609e-3
8.4946, 2.0609e-3
8.4982, 2.0609e-3
8.5018, 2.0608e-3
8.5055, 2.0608e-3
8.5091, 2.0608e-3
8.5127, 2.0608e-3
8.5163, 2.0607e-3
8.5199, 2.0607e-3
8.5234, 2.0607e-3
8.5271, 2.0607e-3
8.5307, 2.0606e-3
8.5343, 2.0606e-3
8.5379, 2.0606e-3
8.5415, 2.0605e-3
8.5451, 2.0605e-3
8.5487, 2.0605e-3
8.5523, 2.0605e-3
8.5558, 2.0604e-3
8.5594, 2.0604e-3
8.5631, 2.0604e-3
8.5667, 2.0603e-3
8.5703, 2.0603e-3
8.5739, 2.0603e-3
8.5775, 2.0603e-3
8.5812, 2.0602e-3
8.5848, 2.0602e-3
8.5884, 2.0602e-3
8.592, 2.0602e-3
8.5956, 2.0601e-3
8.5992, 2.0601e-3
8.6028, 2.0601e-3
8.6064, 2.06e-3
8.6099, 2.06e-3
8.6136, 2.06e-3
8.6172, 2.06e-3
8.6208, 2.0599e-3
8.6244, 2.0599e-3
8.628, 2.0599e-3
8.6316, 2.0598e-3
8.6352, 2.0598e-3
8.6388, 2.0598e-3
8.6423, 2.0598e-3
8.646, 2.0597e-3
8.6496, 2.0597e-3
8.6533, 2.0597e-3
8.6569, 2.0597e-3
8.6604, 2.0442e-3
8.6641, 2.0442e-3
8.6677, 2.0442e-3
8.6713, 2.0441e-3
8.6749, 2.0441e-3
8.6785, 2.0441e-3
8.6821, 2.0441e-3
8.6857, 2.044e-3
8.6893, 2.044e-3
8.6928, 2.044e-3
8.6965, 2.0439e-3
8.7001, 2.0439e-3
8.7037, 2.0439e-3
8.7073, 2.0439e-3
8.7109, 2.0438e-3
8.7145, 2.0438e-3
8.7181, 2.0438e-3
8.7217, 2.0437e-3
8.7252, 2.0437e-3
8.7288, 2.0437e-3
8.7325, 2.0437e-3
8.7362, 2.0436e-3
8.7398, 2.0436e-3
8.7433, 2.0436e-3
8.7469, 2.0436e-3
8.7506, 2.0435e-3
8.7542, 2.0435e-3
8.7578, 2.0435e-3
8.7614, 2.0434e-3
8.765, 2.0434e-3
8.7686, 2.0434e-3
8.7722, 2.0434e-3
8.7758, 2.0433e-3
8.7793, 2.0433e-3
8.783, 2.0433e-3
8.7866, 2.0432e-3
8.7902, 2.0432e-3
8.7938, 2.0432e-3
8.7974, 2.0432e-3
8.801, 2.0431e-3
8.8046, 2.0431e-3
8.8083, 2.0431e-3
8.8119, 2.0431e-3
8.8155, 2.043e-3
8.8191, 2.043e-3
8.8227, 2.043e-3
8.8263, 2.0429e-3
8.8298, 2.0429e-3
8.8335, 2.0429e-3
8.8371, 2.0429e-3
8.8407, 2.0428e-3
8.8443, 2.0428e-3
8.8479, 2.0428e-3
8.8515, 2.0427e-3
8.8551, 2.0427e-3
8.8587, 2.0427e-3
8.8622, 2.0427e-3
8.8659, 2.0426e-3
8.8695, 2.0426e-3
8.8731, 2.0426e-3
8.8767, 2.0271e-3
8.8803, 2.0271e-3
8.8839, 2.0271e-3
8.8875, 2.0271e-3
8.8912, 2.027e-3
8.8948, 2.027e-3
8.8984, 2.027e-3
8.902, 2.0269e-3
8.9056, 2.0269e-3
8.9092, 2.0269e-3
8.9127, 2.0269e-3
8.9163, 2.0268e-3
8.92, 2.0268e-3
8.9236, 2.0268e-3
8.9272, 2.0268e-3
8.9308, 2.0267e-3
8.9344, 2.0267e-3
8.938, 2.0267e-3
8.9416, 2.0266e-3
8.9452, 2.0266e-3
8.9487, 2.0266e-3
8.9524, 2.0266e-3
8.956, 2.0265e-3
8.9596, 2.0265e-3
8.9632, 2.0265e-3
8.9668, 2.0264e-3
8.9705, 2.0264e-3
8.9741, 2.0264e-3
8.9777, 2.0264e-3
8.9813, 2.0263e-3
8.9849, 2.0263e-3
8.9885, 2.0263e-3
8.9921, 2.0263e-3
8.9957, 2.0262e-3
8.9992, 2.0262e-3
9.0029, 2.0262e-3
9.0065, 2.0261e-3
9.0101, 2.0261e-3
9.0137, 2.0261e-3
9.0173, 2.0261e-3
9.0209, 2.026e-3
9.0245, 2.026e-3
9.0281, 2.026e-3
9.0317, 2.0259e-3
9.0352, 2.0259e-3
9.039, 2.0259e-3
9.0426, 2.0259e-3
9.0462, 2.0258e-3
9.0498, 2.0258e-3
9.0534, 2.0258e-3
9.057, 2.0258e-3
9.0606, 2.0257e-3
9.0642, 2.0257e-3
9.0678, 2.0257e-3
9.0714, 2.0256e-3
9.075, 2.0102e-3
9.0786, 2.0102e-3
9.0822, 2.0102e-3
9.0858, 2.0101e-3
9.0894, 2.0101e-3
9.093, 2.0101e-3
9.0966, 2.01e-3
9.1002, 2.01e-3
9.1038, 2.01e-3
9.1074, 2.01e-3
9.111, 2.0099e-3
9.1146, 2.0099e-3
9.1182, 2.0099e-3
9.1219, 2.0098e-3
9.1255, 2.0098e-3
9.1291, 2.0098e-3
9.1327, 2.0098e-3
9.1363, 2.0097e-3
9.1399, 2.0097e-3
9.1435, 2.0097e-3
9.1471, 2.0097e-3
9.1507, 2.0096e-3
9.1543, 2.0096e-3
9.1579, 2.0096e-3
9.1615, 2.0095e-3
9.1651, 2.0095e-3
9.1687, 2.0095e-3
9.1723, 2.0095e-3
9.1759, 2.0094e-3
9.1795, 2.0094e-3
9.1831, 2.0094e-3
9.1867, 2.0093e-3
9.1903, 2.0093e-3
9.194, 2.0093e-3
9.1976, 2.0093e-3
9.2012, 2.0092e-3
9.2048, 2.0092e-3
9.2084, 2.0092e-3
9.212, 2.0092e-3
9.2156, 2.0091e-3
9.2192, 2.0091e-3
9.2227, 2.0091e-3
9.2264, 2.009e-3
9.23, 2.009e-3
9.2336, 2.009e-3
9.2372, 2.009e-3
9.2408, 2.0089e-3
9.2444, 2.0089e-3
9.248, 2.0089e-3
9.2516, 2.0088e-3
9.2551, 2.0088e-3
9.2588, 2.0088e-3
9.2624, 2.0088e-3
9.266, 2.0087e-3
9.2697, 2.0087e-3
9.2732, 2.0087e-3
9.2769, 2.0087e-3
9.2805, 1.9932e-3
9.2841, 1.9932e-3
9.2877, 1.9932e-3
9.2913, 1.9931e-3
9.2949, 1.9931e-3
9.2985, 1.9931e-3
9.3021, 1.9931e-3
9.3057, 1.993e-3
9.3093, 1.993e-3
9.3129, 1.993e-3
9.3165, 1.9929e-3
9.3201, 1.9929e-3
9.3237, 1.9929e-3
9.3273, 1.9929e-3
9.3309, 1.9928e-3
9.3345, 1.9928e-3
9.3381, 1.9928e-3
9.3417, 1.9927e-3
9.3453, 1.9927e-3
9.3489, 1.9927e-3
9.3526, 1.9927e-3
9.3562, 1.9926e-3
9.3598, 1.9926e-3
9.3634, 1.9926e-3
9.367, 1.9926e-3
9.3706, 1.9925e-3
9.3742, 1.9925e-3
9.3778, 1.9925e-3
9.3814, 1.9924e-3
9.385, 1.9924e-3
9.3886, 1.9924e-3
9.3921, 1.9924e-3
9.3958, 1.9923e-3
9.3994, 1.9923e-3
9.403, 1.9923e-3
9.4066, 1.9922e-3
9.4102, 1.9922e-3
9.4138, 1.9922e-3
9.4174, 1.9922e-3
9.421, 1.9921e-3
9.4247, 1.9921e-3
9.4283, 1.9921e-3
9.4319, 1.9921e-3
9.4355, 1.992e-3
9.4391, 1.992e-3
9.4426, 1.992e-3
9.4463, 1.9919e-3
9.4499, 1.9919e-3
9.4535, 1.9919e-3
9.4571, 1.9919e-3
9.4607, 1.9918e-3
9.4643, 1.9918e-3
9.4679, 1.9918e-3
9.4715, 1.9917e-3
9.4751, 1.9917e-3
9.4787, 1.9917e-3
9.4823, 1.9763e-3
9.4859, 1.9762e-3
9.4895, 1.9762e-3
9.4931, 1.9762e-3
9.4967, 1.9761e-3
9.5003, 1.9761e-3
9.5039, 1.9761e-3
9.5076, 1.9761e-3
9.5112, 1.976e-3
9.5148, 1.976e-3
9.5184, 1.976e-3
9.522, 1.9759e-3
9.5255, 1.9759e-3
9.5292, 1.9759e-3
9.5328, 1.9759e-3
9.5364, 1.9758e-3
9.54, 1.9758e-3
9.5436, 1.9758e-3
9.5472, 1.9758e-3
9.5508, 1.9757e-3
9.5544, 1.9757e-3
9.558, 1.9757e-3
9.5615, 1.9756e-3
9.5652, 1.9756e-3
9.5688, 1.9756e-3
9.5724, 1.9756e-3
9.576, 1.9755e-3
9.5796, 1.9755e-3
9.5833, 1.9755e-3
9.5869, 1.9754e-3
9.5905, 1.9754e-3
9.5941, 1.9754e-3
9.5977, 1.9754e-3
9.6013, 1.9753e-3
9.6049, 1.9753e-3
9.6085, 1.9753e-3
9.612, 1.9753e-3
9.6157, 1.9752e-3
9.6193, 1.9752e-3
9.6229, 1.9752e-3
9.6265, 1.9751e-3
9.6301, 1.9751e-3
9.6337, 1.9751e-3
9.6373, 1.9751e-3
9.6409, 1.975e-3
9.6444, 1.975e-3
9.6481, 1.975e-3
9.6517, 1.9749e-3
9.6554, 1.9749e-3
9.659, 1.9749e-3
9.6625, 1.9749e-3
9.6662, 1.9748e-3
9.6698, 1.9748e-3
9.6734, 1.9748e-3
9.677, 1.9748e-3
9.6806, 1.9747e-3
9.6842, 1.9747e-3
9.6878, 1.9593e-3
9.6914, 1.9592e-3
9.6949, 1.9592e-3
9.6985, 1.9592e-3
9.7022, 1.9592e-3
9.7058, 1.9591e-3
9.7094, 1.9591e-3
9.713, 1.9591e-3
9.7166, 1.959e-3
9.7202, 1.959e-3
9.7238, 1.959e-3
9.7274, 1.959e-3
9.7309, 1.9589e-3
9.7346, 1.9589e-3
9.7383, 1.9589e-3
9.7419, 1.9588e-3
9.7455, 1.9588e-3
9.749, 1.9588e-3
9.7527, 1.9588e-3
9.7563, 1.9587e-3
9.7599, 1.9587e-3
9.7635, 1.9587e-3
9.7671, 1.9587e-3
9.7707, 1.9586e-3
9.7743, 1.9586e-3
9.7779, 1.9586e-3
9.7814, 1.9585e-3
9.7851, 1.9585e-3
9.7887, 1.9585e-3
9.7923, 1.9585e-3
9.7959, 1.9584e-3
9.7995, 1.9584e-3
9.8031, 1.9584e-3
9.8067, 1.9583e-3
9.8104, 1.9583e-3
9.814, 1.9583e-3
9.8176, 1.9583e-3
9.8212, 1.9582e-3
9.8248, 1.9582e-3
9.8284, 1.9582e-3
9.8319, 1.9582e-3
9.8356, 1.9581e-3
9.8392, 1.9581e-3
9.8428, 1.9581e-3
9.8464, 1.958e-3
9.85, 1.958e-3
9.8536, 1.958e-3
9.8572, 1.958e-3
9.8608, 1.9579e-3
9.8643, 1.9579e-3
9.8679, 1.9579e-3
9.8716, 1.9578e-3
9.8752, 1.9578e-3
9.8788, 1.9578e-3
9.8824, 1.9578e-3
9.886, 1.9577e-3
9.8896, 1.9423e-3
9.8933, 1.9423e-3
9.8969, 1.9422e-3
9.9005, 1.9422e-3
9.9041, 1.9422e-3
9.9077, 1.9422e-3
9.9113, 1.9421e-3
9.9149, 1.9421e-3
9.9184, 1.9421e-3
9.9221, 1.942e-3
9.9257, 1.942e-3
9.9293, 1.942e-3
9.9329, 1.942e-3
9.9365, 1.9419e-3
9.9401, 1.9419e-3
9.9437, 1.9419e-3
9.9473, 1.9419e-3
9.9508, 1.9418e-3
9.9545, 1.9418e-3
9.9581, 1.9418e-3
9.9617, 1.9417e-3
9.9654, 1.9417e-3
9.9689, 1.9571e-3
9.9726, 1.9571e-3
9.9726, 1.9725e-3
9.9762, 1.9724e-3
